1	3	2	4	2	26	3
2	2	2	1	2	29	1
3	2	2	4	2	26	3
4	2	1	4	2	26	3
5	2	2	4	2	26	3
6	2	2	4	2	26	3
7	2	2	1	2	26	1
8	2	2	4	2	26	3
9	2	2	4	2	26	1
10	2	2	1	2	29	1
11	2	1	4	2	26	2
12	2	2	1	2	29	1
13	3	2	4	2	26	3
14	2	2	1	2	29	1
15	2	2	4	2	26	1
16	2	2	4	2	26	3
17	2	2	4	1	26	5
18	2	2	4	1	26	5
19	2	2	4	1	26	5
20	2	2	4	1	26	5
21	2	2	1	2	29	1
22	2	2	1	2	29	1
23	2	2	1	2	29	1
24	2	1	1	2	29	1
25	2	2	1	4	29	1
26	2	2	1	4	29	1
27	2	2	1	4	8	2
28	2	2	1	2	29	1
29	2	2	1	4	26	2
30	2	2	1	2	29	1
31	3	2	1	4	29	1
32	2	2	1	1	29	1
33	2	2	1	4	29	1
34	2	2	1	2	29	1
35	2	2	1	4	29	1
36	2	2	1	4	29	1
37	2	2	1	4	29	1
38	2	2	1	2	29	1
39	2	2	1	4	29	1
40	2	2	1	2	29	1
41	2	2	1	2	29	1
42	2	2	1	4	29	1
43	2	2	1	2	29	1
44	2	2	1	4	29	1
45	2	2	1	4	29	1
46	2	2	1	2	29	1
47	2	2	1	4	29	1
48	2	2	1	2	29	1
49	2	2	1	2	29	1
50	2	2	1	2	29	1
51	2	2	1	4	29	1
52	2	2	1	2	29	1
53	3	2	1	4	29	1
54	2	2	1	4	29	1
55	2	2	1	2	29	1
56	2	2	1	4	29	1
57	2	2	1	4	29	1
58	2	2	1	2	29	1
59	2	2	1	2	29	1
60	2	2	1	2	29	1
61	2	2	1	2	29	1
62	3	2	1	4	6	1
63	2	2	1	2	29	1
64	3	2	1	4	6	1
65	2	2	1	2	29	1
66	2	1	1	2	26	1
67	2	2	1	2	29	1
68	2	2	1	2	29	1
69	2	2	1	2	29	1
70	2	2	1	4	29	1
71	3	2	1	2	23	2
72	2	2	1	2	29	1
73	2	2	1	4	29	1
74	2	2	1	2	29	1
75	2	2	1	2	29	1
76	2	2	1	4	29	1
77	2	2	1	2	29	1
78	2	2	1	4	29	1
79	2	2	4	2	26	5
80	2	2	1	2	29	1
81	2	2	1	4	26	2
82	2	2	1	2	29	1
83	2	2	1	2	29	1
84	2	2	1	4	29	1
85	3	2	1	2	29	1
86	2	2	1	2	29	1
87	2	2	1	2	29	1
88	2	2	1	4	29	1
89	2	2	1	2	29	1
90	2	2	1	4	29	1
91	2	2	1	4	29	1
92	3	2	1	4	29	1
93	3	2	1	4	29	1
94	2	2	1	4	29	1
95	3	2	1	4	29	1
96	3	2	1	4	29	1
97	2	2	1	4	29	1
98	3	2	1	4	29	1
99	2	2	1	4	29	1
100	2	2	1	4	29	1
101	3	2	1	4	29	1
102	3	2	1	4	29	1
103	3	2	1	4	29	1
104	3	2	1	4	29	1
105	2	2	1	4	29	1
106	3	2	1	2	26	2
107	2	2	1	2	29	1
108	2	2	1	2	29	1
109	3	2	1	2	26	1
110	3	2	1	4	29	1
111	2	2	1	4	29	1
112	2	2	1	4	29	1
113	2	2	1	4	29	1
114	3	2	1	4	29	1
115	2	2	1	4	29	1
116	3	2	1	4	29	1
117	2	2	1	4	29	1
118	3	2	1	4	29	1
119	3	2	1	4	29	1
120	3	2	1	4	29	1
121	2	2	1	2	29	1
122	2	2	1	2	29	1
123	2	2	1	2	29	1
124	2	2	1	4	29	1
125	2	2	1	2	29	1
126	2	2	1	2	29	2
127	3	1	1	1	29	1
128	2	2	1	4	29	1
129	2	2	1	4	29	1
130	2	2	1	4	29	1
131	2	2	1	2	29	1
132	2	2	1	4	6	1
133	2	2	1	2	29	1
134	2	2	1	4	29	1
135	2	2	1	2	29	1
136	2	2	1	2	29	1
137	3	2	1	4	29	1
138	3	1	1	4	29	1
139	2	1	1	2	29	1
140	2	2	1	2	29	1
141	2	2	1	4	29	1
142	2	2	1	4	29	1
143	2	2	1	2	29	1
144	2	2	1	2	29	1
145	2	2	1	4	29	1
146	2	2	1	2	29	1
147	2	2	1	2	29	1
148	2	2	4	2	29	1
149	2	2	1	2	29	1
150	2	1	1	4	29	1
151	2	2	1	1	29	1
152	2	1	1	4	29	1
153	2	2	1	4	29	1
154	2	1	2	2	17	2
155	3	2	1	4	29	1
156	4	2	1	2	29	1
157	2	2	1	4	29	1
158	2	2	1	4	29	1
159	2	2	1	4	29	1
160	2	2	1	4	29	1
161	2	2	1	4	29	1
162	2	2	1	4	29	1
163	2	2	1	4	29	1
164	4	2	1	2	29	1
165	2	2	1	2	29	1
166	2	2	1	4	29	1
167	2	2	1	4	29	1
168	2	2	1	4	29	1
169	2	2	1	1	29	1
170	3	2	1	4	6	2
171	3	3	1	1	29	1
172	2	2	1	2	29	2
173	2	2	1	2	26	1
174	2	2	4	2	26	4
175	2	2	4	2	26	4
176	2	2	4	2	26	4
177	2	2	4	2	26	4
178	2	2	4	2	26	1
179	2	2	4	2	26	4
180	2	2	4	2	26	4
181	2	2	1	4	29	1
182	2	2	1	2	29	1
183	2	2	4	2	26	1
184	2	2	4	2	26	4
185	2	2	1	4	29	1
186	2	2	1	4	29	1
187	2	2	1	2	29	1
188	3	2	1	4	29	1
189	2	2	1	4	29	1
190	2	2	1	4	29	1
191	2	2	1	4	6	2
192	2	2	1	4	29	1
193	2	2	1	2	6	2
194	2	2	1	4	6	2
195	3	2	1	4	29	1
196	2	2	1	4	6	2
197	3	2	4	4	6	2
198	3	2	1	4	6	2
199	4	2	1	4	6	2
200	2	2	1	4	29	1
201	2	2	1	2	26	2
202	2	2	4	4	26	3
203	2	2	4	4	26	3
204	2	2	4	4	26	3
205	2	2	1	4	29	1
206	2	2	1	2	29	1
207	2	3	1	4	29	1
208	2	2	1	4	29	1
209	4	2	1	4	29	1
210	2	2	1	2	29	1
211	2	3	1	4	29	1
212	3	4	1	4	29	1
213	3	4	1	4	29	1
214	3	4	1	4	29	1
215	3	4	1	4	29	1
216	3	4	1	4	29	1
217	3	4	1	4	29	1
218	3	4	1	4	29	1
219	3	4	1	4	29	1
220	2	2	1	2	29	1
221	2	3	1	1	29	1
222	2	2	1	2	29	1
223	2	2	1	4	29	1
224	2	1	1	4	29	1
225	2	3	1	4	29	1
226	2	3	1	4	29	1
227	2	2	4	2	18	3
228	2	2	4	2	18	3
229	2	2	4	2	18	3
230	2	2	4	2	18	3
231	2	2	4	2	18	3
232	2	2	4	2	18	3
233	2	2	4	2	18	3
234	2	2	4	2	18	3
235	2	2	4	2	18	3
236	2	2	4	2	18	3
237	2	2	4	2	18	3
238	2	2	4	2	18	3
239	2	2	4	2	18	3
240	2	2	4	2	18	3
241	2	2	4	2	18	3
242	4	3	1	2	29	1
243	2	2	1	2	29	1
244	2	2	1	2	29	1
245	2	2	1	2	29	1
246	2	2	1	2	29	1
247	2	2	1	2	29	1
248	2	2	1	2	29	1
249	2	2	1	2	29	1
250	2	2	1	2	29	1
251	2	2	1	2	29	1
252	2	2	1	2	29	1
253	2	2	1	2	29	1
254	2	2	1	2	29	1
255	2	2	1	4	29	1
256	4	1	1	2	29	1
257	4	1	1	4	29	1
258	3	2	1	2	29	1
259	4	2	1	1	29	1
260	2	2	1	4	29	1
261	2	2	1	1	29	1
262	2	2	1	2	29	1
263	2	2	1	2	29	1
264	3	2	1	4	29	1
265	3	2	1	4	29	1
266	2	2	1	4	29	1
267	2	2	1	2	29	1
268	2	1	1	2	29	1
269	2	2	1	4	6	2
270	2	2	1	2	29	1
271	2	2	1	4	29	1
272	2	2	1	2	29	1
273	2	2	1	2	29	1
274	2	2	1	2	29	1
275	2	2	1	4	29	1
276	4	2	1	2	29	1
277	2	2	1	2	29	1
278	2	2	1	2	29	1
279	2	2	1	2	29	1
280	2	2	1	4	29	1
281	2	2	1	2	29	1
282	2	2	1	2	29	1
283	2	2	1	2	29	1
284	2	2	1	2	29	1
285	2	2	1	2	29	1
286	2	2	1	2	29	1
287	2	2	1	4	29	1
288	2	2	1	2	29	1
289	2	2	1	2	29	1
290	2	2	1	2	29	1
291	2	2	1	4	29	1
292	2	2	1	4	29	1
293	2	2	1	2	29	1
294	2	2	1	2	29	1
295	2	2	1	4	29	1
296	2	2	1	2	29	1
297	2	2	1	4	29	1
298	2	2	1	2	29	1
299	2	2	1	2	29	1
300	2	2	1	2	29	1
301	2	2	1	2	29	1
302	2	2	1	2	29	1
303	2	2	1	2	29	1
304	2	2	1	4	29	1
305	2	2	1	2	29	1
306	2	2	1	2	29	1
307	2	2	1	2	29	1
308	2	2	1	2	29	1
309	2	2	1	2	29	1
310	2	2	1	2	29	1
311	2	2	1	2	29	1
312	2	2	1	2	29	1
313	2	2	1	2	29	1
314	4	1	1	4	29	1
315	2	2	1	2	29	1
316	2	2	1	2	29	1
317	2	2	1	4	29	1
318	2	2	1	4	29	1
319	2	2	1	4	29	1
320	2	2	1	4	29	1
321	1	2	1	1	26	1
322	2	2	1	4	29	1
323	2	2	1	4	29	1
324	2	2	1	2	29	1
325	2	1	1	4	29	1
326	2	2	1	4	29	1
327	2	2	1	2	29	1
328	2	1	2	2	17	2
329	2	2	2	2	17	2
330	2	1	2	2	17	2
331	2	1	2	2	17	2
332	2	1	2	2	17	2
333	2	1	2	2	17	2
334	2	1	2	2	17	2
335	2	1	2	2	17	2
336	2	2	2	2	17	2
337	2	1	2	2	17	2
338	2	1	2	2	17	2
339	2	1	2	2	17	2
340	2	1	2	2	17	2
341	2	1	2	2	17	2
342	2	1	2	2	17	2
343	2	1	2	2	17	2
344	2	1	2	2	17	2
345	2	1	2	2	17	2
346	2	1	2	2	17	2
347	2	1	2	2	17	2
348	2	1	2	2	17	2
349	2	1	2	2	17	2
350	2	1	2	2	17	2
351	2	2	1	2	29	2
352	2	1	2	2	17	2
353	2	1	2	2	17	2
354	2	1	2	2	17	2
355	2	1	2	2	17	2
356	2	1	2	2	6	2
357	2	1	2	2	17	2
358	2	1	2	2	17	2
359	2	1	2	2	17	2
360	2	1	2	2	6	2
361	2	1	2	2	17	2
362	2	1	2	2	17	2
363	2	2	1	2	29	1
364	2	1	2	2	6	2
365	2	1	2	2	17	2
366	2	1	2	2	17	2
367	2	2	1	2	26	2
368	2	2	1	4	29	1
369	2	2	1	2	26	2
370	2	2	1	2	29	2
371	2	2	1	2	26	2
372	2	2	1	2	29	1
373	2	2	1	2	26	2
374	2	2	1	2	26	2
375	2	2	1	2	26	2
376	2	2	1	2	26	2
377	2	2	1	2	26	2
378	2	2	1	2	26	1
379	2	2	1	2	26	2
380	2	2	1	2	26	2
381	2	2	1	2	26	2
382	2	2	1	4	29	1
383	2	2	1	1	6	2
384	2	2	1	1	6	2
385	2	2	1	1	29	1
386	2	2	1	2	29	1
387	2	2	1	4	29	1
388	2	2	1	4	29	1
389	2	1	1	2	29	1
390	2	2	1	4	29	1
391	3	1	1	2	29	1
392	2	1	4	4	26	3
393	2	1	4	2	6	3
394	3	1	4	4	26	3
395	2	1	1	2	29	1
396	3	2	1	4	29	1
397	4	2	2	2	6	2
398	2	2	1	4	29	1
399	2	2	1	4	29	1
400	2	2	1	1	29	1
401	2	2	1	2	19	1
402	2	1	1	1	29	1
403	3	2	3	1	19	2
404	2	2	1	4	29	1
405	2	1	1	4	29	1
406	2	2	1	4	29	1
407	2	2	1	4	29	1
408	2	2	1	4	29	1
409	2	4	1	2	29	1
410	2	2	1	2	29	1
411	2	2	1	2	29	1
412	2	2	1	4	29	1
413	2	2	1	2	29	1
414	2	2	1	2	29	1
415	2	2	1	2	29	1
416	2	2	1	4	29	1
417	2	1	1	4	29	1
418	2	2	1	4	29	1
419	2	1	1	4	29	1
420	2	1	1	4	29	1
421	2	2	1	4	29	1
422	2	1	1	4	29	1
423	2	2	1	4	29	1
424	2	2	1	4	29	1
425	2	1	1	4	29	1
426	2	2	1	2	29	1
427	2	2	1	2	29	1
428	2	2	1	2	29	1
429	2	2	1	2	29	1
430	2	2	1	2	29	1
431	2	2	1	2	29	1
432	2	2	1	2	29	1
433	2	2	1	2	29	1
434	2	2	1	2	29	1
435	2	2	1	2	29	1
436	2	2	1	2	29	1
437	2	2	1	2	29	1
438	2	2	1	2	29	1
439	2	1	1	2	29	1
440	2	2	1	2	29	1
441	2	2	1	2	29	1
442	2	2	1	4	29	1
443	2	1	1	2	29	1
444	2	1	1	2	29	1
445	2	2	1	4	29	1
446	2	2	1	4	29	1
447	2	1	1	2	29	1
448	2	1	1	1	29	1
449	2	2	1	4	29	1
450	2	2	1	4	29	1
451	2	2	1	4	29	1
452	2	2	1	4	29	1
453	1	1	1	4	29	1
454	2	1	2	2	6	2
455	2	1	1	1	29	1
456	1	1	1	1	29	1
457	2	2	1	4	29	1
458	2	2	1	2	29	1
459	2	1	1	2	29	1
460	2	2	1	4	29	1
461	3	2	1	2	29	1
462	3	2	1	4	29	1
463	2	2	1	1	29	1
464	2	2	1	1	29	1
465	3	2	1	4	29	1
466	3	2	1	2	29	1
467	2	2	1	2	29	1
468	2	2	1	2	29	1
469	4	2	1	4	29	1
470	2	2	1	2	29	1
471	2	2	4	2	26	4
472	3	2	1	2	29	1
473	2	2	1	2	29	1
474	2	2	1	4	29	1
475	2	2	1	2	29	1
476	2	2	1	2	29	1
477	2	2	1	4	29	1
478	2	2	1	4	29	1
479	2	2	1	4	29	1
480	2	2	1	4	29	1
481	2	2	1	4	29	1
482	2	2	1	4	29	1
483	2	2	1	4	29	1
484	2	2	1	4	29	1
485	2	2	1	4	29	1
486	2	2	1	4	29	1
487	2	2	1	4	29	1
488	2	2	1	4	29	1
489	3	2	1	4	29	1
490	2	2	1	4	29	1
491	2	2	1	4	29	1
492	2	2	1	4	29	1
493	2	2	1	4	29	1
494	2	2	1	4	29	1
495	2	2	1	4	29	1
496	2	2	1	4	29	1
497	2	2	1	4	29	1
498	2	2	1	4	29	1
499	2	2	1	4	29	1
500	2	2	1	4	29	1
501	2	2	1	4	29	1
502	3	2	1	4	29	1
503	3	2	4	4	26	1
504	2	2	1	4	29	1
505	2	2	1	4	29	1
506	2	2	1	4	29	1
507	2	2	1	4	29	1
508	2	2	1	4	29	1
509	2	2	1	4	29	1
510	2	2	1	4	29	1
511	2	2	1	4	29	1
512	2	2	1	4	29	1
513	2	2	1	4	29	1
514	2	2	1	4	29	1
515	3	2	1	4	29	1
516	2	2	1	4	29	1
517	2	2	1	4	29	1
518	3	2	1	4	29	1
519	3	2	1	4	29	1
520	2	2	1	4	29	1
521	2	2	1	4	29	1
522	3	2	1	4	29	1
523	3	2	1	4	29	1
524	3	2	1	4	29	1
525	2	2	1	4	29	1
526	2	2	1	4	29	1
527	2	2	2	1	26	2
528	2	2	1	2	26	2
529	2	2	1	2	29	1
530	3	1	1	2	19	1
531	2	2	1	4	29	1
532	2	1	1	2	29	1
533	2	2	1	2	29	1
534	2	1	1	2	29	1
535	2	2	1	2	29	1
536	2	2	1	2	29	1
537	2	2	1	2	29	1
538	3	1	1	2	29	1
539	3	1	3	2	19	2
540	3	1	3	2	19	2
541	3	1	3	2	19	2
542	2	2	1	4	29	1
543	3	1	1	4	29	1
544	3	1	1	4	29	1
545	2	1	1	4	29	1
546	2	1	1	4	29	1
547	3	2	1	4	29	1
548	3	1	1	2	29	1
549	2	2	1	4	29	1
550	3	1	1	2	29	1
551	2	2	1	4	29	1
552	3	2	1	2	29	1
553	3	1	1	2	29	1
554	2	1	1	4	29	1
555	2	1	1	2	19	1
556	2	1	1	2	29	1
557	2	1	1	4	29	1
558	3	1	1	2	19	1
559	2	1	1	2	19	1
560	3	1	1	2	19	1
561	3	1	1	2	19	1
562	3	1	3	2	19	2
563	3	1	1	2	19	1
564	3	1	3	2	19	2
565	3	1	3	2	19	2
566	3	1	3	2	19	2
567	2	1	2	2	17	2
568	2	1	2	2	17	2
569	2	1	2	2	17	2
570	2	1	2	2	17	2
571	2	1	2	2	17	2
572	2	1	2	2	17	2
573	4	2	1	4	29	1
574	2	1	1	4	29	1
575	2	2	1	4	29	1
576	2	2	1	4	29	1
577	2	2	1	4	29	1
578	2	2	1	4	29	1
579	2	2	1	4	29	1
580	2	2	1	4	29	1
581	2	2	1	4	29	1
582	2	2	1	4	29	1
583	2	2	1	4	29	1
584	2	2	1	4	29	1
585	2	2	1	4	29	1
586	2	1	1	1	6	1
587	2	2	1	4	29	1
588	2	1	1	4	29	1
589	2	2	1	4	29	1
590	2	2	2	2	26	2
591	4	2	1	4	29	1
592	4	2	1	4	29	1
593	2	2	1	4	29	1
594	2	1	4	1	19	4
595	3	2	1	4	29	1
596	2	2	2	2	6	2
597	2	2	1	2	29	2
598	3	2	4	2	19	3
599	3	2	4	2	19	3
600	3	2	4	2	19	3
601	3	2	4	2	19	3
602	3	2	4	2	19	3
603	3	2	4	2	19	3
604	3	2	4	2	19	3
605	3	2	1	2	19	1
606	3	2	4	2	19	3
607	3	2	4	2	19	3
608	3	2	4	2	19	3
609	3	2	4	2	19	3
610	3	2	4	2	19	3
611	3	2	1	4	29	1
612	3	2	1	4	29	1
613	3	2	1	2	29	1
614	3	2	4	2	19	3
615	3	1	1	4	29	1
616	2	2	1	4	29	1
617	2	2	1	4	29	1
618	2	2	1	4	29	1
619	2	2	1	4	29	1
620	2	2	1	4	29	1
621	2	2	1	4	29	1
622	2	2	1	4	29	1
623	2	2	1	4	29	1
624	2	2	1	4	29	1
625	2	2	1	4	29	1
626	2	2	1	4	29	1
627	2	2	1	4	29	1
628	2	2	1	4	29	1
629	2	2	1	4	29	1
630	2	2	1	4	29	1
631	2	2	1	4	29	1
632	2	2	1	4	29	1
633	2	2	1	4	29	1
634	2	2	1	4	29	1
635	2	2	1	4	29	1
636	2	2	1	4	29	1
637	2	2	1	4	29	1
638	2	2	1	4	29	1
639	2	2	1	4	29	1
640	2	2	1	4	29	1
641	2	2	1	4	29	1
642	2	2	1	4	29	1
643	2	2	1	4	29	1
644	2	2	1	4	29	1
645	2	2	1	4	29	1
646	2	2	1	4	29	1
647	2	2	1	4	29	1
648	2	2	1	4	29	1
649	2	2	1	4	29	1
650	2	2	1	4	29	1
651	2	2	1	4	29	1
652	2	2	1	4	29	1
653	2	2	1	4	29	1
654	2	2	1	4	29	1
655	2	2	1	4	29	1
656	2	2	1	4	29	1
657	2	2	1	4	29	1
658	2	2	1	4	29	1
659	2	2	1	4	29	1
660	2	2	1	4	29	1
661	2	2	1	4	29	1
662	2	2	1	4	29	1
663	2	2	1	4	29	1
664	2	2	1	4	29	1
665	2	2	1	4	29	1
666	2	2	1	4	29	1
667	2	2	1	4	29	1
668	2	2	1	4	29	1
669	2	2	1	4	29	1
670	2	2	1	4	29	1
671	2	2	1	4	29	1
672	2	2	1	4	29	1
673	2	2	1	4	29	1
674	2	2	1	4	29	1
675	2	2	1	4	29	1
676	2	2	1	4	29	1
677	2	2	1	4	29	1
678	2	2	1	4	29	1
679	2	2	1	4	29	1
680	2	2	1	4	29	1
681	2	2	1	4	29	1
682	2	2	1	4	29	1
683	2	2	1	4	29	1
684	2	2	1	4	29	1
685	2	2	1	4	29	1
686	2	2	1	4	29	1
687	2	2	1	4	29	1
688	2	2	1	4	29	1
689	2	2	1	4	29	1
690	2	2	1	4	29	1
691	2	2	1	4	29	1
692	2	2	1	4	29	1
693	2	2	1	4	29	1
694	2	2	1	4	29	1
695	2	2	1	4	29	1
696	2	2	1	4	29	1
697	2	2	1	4	29	1
698	2	2	1	4	29	1
699	2	2	1	4	29	1
700	2	2	1	4	29	1
701	2	2	1	4	29	1
702	2	2	1	4	29	1
703	2	2	1	4	29	1
704	2	2	1	4	29	1
705	2	2	1	4	29	1
706	2	2	1	4	29	1
707	2	2	1	4	29	1
708	2	2	1	4	29	1
709	2	2	1	4	29	1
710	2	2	1	4	29	1
711	2	2	1	4	29	1
712	2	2	1	4	29	1
713	2	2	1	4	29	1
714	2	2	1	4	29	1
715	2	2	1	4	29	1
716	2	2	1	4	29	1
717	2	2	1	4	29	1
718	2	2	1	4	29	1
719	2	2	1	4	29	1
720	2	2	1	4	29	1
721	2	2	1	4	29	1
722	2	2	1	4	29	1
723	2	2	1	4	29	1
724	2	2	1	4	29	1
725	2	2	1	4	29	1
726	2	2	1	4	29	1
727	2	2	1	4	29	1
728	2	2	1	4	29	1
729	2	2	1	4	29	1
730	2	2	1	4	29	1
731	2	2	1	4	29	1
732	2	2	1	4	29	1
733	2	2	1	4	29	1
734	2	2	1	4	29	1
735	2	2	1	4	29	1
736	2	2	1	4	29	1
737	2	2	1	4	29	1
738	2	2	1	4	29	1
739	2	2	1	4	29	1
740	2	2	1	4	29	1
741	2	2	1	4	29	1
742	2	2	1	4	29	1
743	2	2	1	4	29	1
744	2	2	1	4	29	1
745	2	2	1	4	29	1
746	2	2	1	4	29	1
747	2	2	1	4	29	1
748	2	2	1	4	29	1
749	2	2	1	4	29	1
750	2	2	1	4	29	1
751	2	2	1	4	29	1
752	2	2	1	4	29	1
753	2	2	1	4	29	1
754	2	2	1	4	29	1
755	2	2	1	4	29	1
756	2	2	1	4	29	1
757	2	2	1	4	29	1
758	2	2	1	4	29	1
759	2	2	1	4	29	1
760	2	2	1	4	29	1
761	2	2	1	1	29	1
762	2	2	1	4	29	1
763	2	2	1	1	29	1
764	2	2	1	4	29	1
765	3	2	4	4	26	1
766	2	2	1	4	29	1
767	3	2	4	4	26	4
768	2	2	1	4	29	1
769	2	1	1	4	29	1
770	2	2	1	4	29	1
771	2	2	1	4	29	1
772	2	2	1	4	29	1
773	2	2	1	4	29	1
774	2	2	1	4	29	1
775	2	2	1	4	29	1
776	2	2	1	4	29	1
777	2	2	1	4	29	1
778	2	2	1	4	29	1
779	2	2	1	4	29	1
780	2	2	1	4	29	1
781	2	2	1	4	29	1
782	2	2	1	4	29	1
783	2	2	1	4	29	1
784	2	2	1	4	29	1
785	2	2	1	4	29	1
786	2	2	1	4	29	1
787	2	2	1	4	29	1
788	2	2	1	4	29	1
789	2	2	1	4	29	1
790	2	2	1	4	29	1
791	2	2	1	4	29	1
792	2	2	1	4	29	1
793	2	2	1	4	29	1
794	2	2	1	4	29	1
795	2	2	1	4	29	1
796	2	2	1	4	29	1
797	2	2	1	4	29	1
798	2	2	1	4	29	1
799	2	2	1	4	29	1
800	2	2	1	4	29	1
801	2	2	1	4	29	1
802	2	2	1	4	29	1
803	2	2	1	4	29	1
804	2	2	1	4	29	1
805	2	2	1	4	29	1
806	2	2	1	4	29	1
807	2	2	1	4	29	1
808	2	2	1	4	29	1
809	2	2	1	4	29	1
810	2	2	1	4	29	1
811	2	2	1	4	29	1
812	2	2	1	4	29	1
813	2	2	1	4	29	1
814	2	2	1	4	29	1
815	2	2	1	4	29	1
816	2	2	1	4	29	1
817	2	2	1	4	29	1
818	2	2	1	4	29	1
819	2	2	1	4	29	1
820	2	2	1	4	29	1
821	2	2	1	4	29	1
822	2	2	1	4	29	1
823	2	2	1	4	29	1
824	2	2	1	4	29	1
825	2	2	1	4	29	1
826	2	2	1	4	29	1
827	2	2	1	4	29	1
828	2	2	1	4	29	1
829	2	2	1	4	29	1
830	2	2	1	4	29	1
831	2	2	1	4	29	1
832	2	2	1	4	29	1
833	2	2	1	4	29	1
834	2	2	1	4	29	1
835	2	2	1	4	29	1
836	2	2	1	4	29	1
837	2	2	1	4	29	1
838	2	2	1	4	29	1
839	2	2	1	4	29	1
840	2	2	1	4	29	1
841	2	2	1	4	29	1
842	2	2	1	4	29	1
843	2	2	1	4	29	1
844	2	2	1	4	29	1
845	2	2	1	4	29	1
846	2	2	1	4	29	1
847	2	2	1	4	29	1
848	2	2	1	4	29	1
849	2	2	1	4	29	1
850	2	2	1	4	29	1
851	2	2	1	4	29	1
852	2	2	1	4	29	1
853	2	2	1	4	29	1
854	2	2	1	4	29	1
855	2	2	1	4	29	1
856	2	2	1	4	29	1
857	2	2	1	4	29	1
858	2	2	1	4	29	1
859	2	2	1	4	29	1
860	2	2	1	4	29	1
861	2	2	1	4	29	1
862	2	2	1	4	29	1
863	2	2	1	4	29	1
864	2	2	1	4	29	1
865	2	2	1	4	29	1
866	2	2	1	4	29	1
867	2	2	1	4	29	1
868	2	2	1	4	29	1
869	2	2	1	4	29	1
870	2	2	1	4	29	1
871	2	2	1	4	29	1
872	2	2	1	4	29	1
873	2	2	1	4	29	1
874	2	2	1	4	29	1
875	2	2	1	4	29	1
876	2	2	1	4	29	1
877	2	2	1	4	29	1
878	2	2	1	4	29	1
879	2	2	1	4	29	1
880	2	2	1	4	29	1
881	2	2	1	4	29	1
882	2	2	1	4	29	1
883	2	2	1	4	29	1
884	2	2	1	4	29	1
885	2	2	1	4	29	1
886	2	2	1	4	29	1
887	2	2	1	4	29	1
888	2	2	1	4	29	1
889	2	2	1	4	29	1
890	2	2	1	4	29	1
891	2	2	1	4	29	1
892	2	2	1	4	29	1
893	2	2	1	4	29	1
894	2	2	1	4	29	1
895	2	2	1	4	29	1
896	2	2	1	4	29	1
897	2	2	1	4	29	1
898	2	2	1	4	29	1
899	2	2	1	4	29	1
900	2	2	1	4	29	1
901	2	2	1	4	29	1
902	2	2	1	4	29	1
903	2	2	1	4	29	1
904	2	2	1	4	29	1
905	2	2	1	4	29	1
906	2	2	1	4	29	1
907	2	2	1	4	29	1
908	2	2	1	4	29	1
909	2	2	1	4	29	1
910	2	2	1	4	29	1
911	2	2	1	4	29	1
912	2	2	1	4	29	1
913	2	2	1	4	29	1
914	2	2	1	4	29	1
915	2	2	1	4	29	1
916	2	2	1	4	29	1
917	2	2	1	4	29	1
918	2	2	1	4	29	1
919	2	2	1	4	29	1
920	2	2	1	4	29	1
921	2	2	1	4	29	1
922	2	2	1	4	29	1
923	2	2	1	4	29	1
924	2	2	1	4	29	1
925	2	4	1	2	29	1
926	2	1	2	4	26	2
927	4	1	1	4	29	1
928	2	2	1	2	29	1
929	2	2	1	2	29	1
930	2	2	1	2	29	1
931	2	2	1	2	29	1
932	2	2	1	2	29	1
933	2	2	1	2	29	1
934	2	2	1	2	29	1
935	2	2	1	2	26	2
936	2	2	1	2	29	1
937	3	1	4	2	19	2
938	2	4	1	2	29	1
939	2	4	1	2	29	1
940	2	4	1	2	29	1
941	2	1	1	4	29	1
942	3	2	4	4	26	3
943	2	2	1	4	29	1
944	3	2	1	4	29	1
945	4	2	2	2	6	2
946	4	2	2	2	6	2
947	4	2	2	2	6	2
948	4	2	2	2	6	2
949	4	2	2	4	6	2
950	4	2	2	2	6	2
951	4	2	2	2	6	2
952	3	2	4	4	6	3
953	4	2	2	2	6	2
954	2	2	1	4	29	2
955	3	2	1	4	29	1
956	2	2	1	4	29	1
957	3	2	1	4	6	1
958	3	2	1	4	29	1
959	2	2	4	4	26	5
960	3	2	4	4	6	3
961	3	2	4	4	6	3
962	2	2	1	2	29	1
963	2	2	1	4	29	1
964	2	2	1	2	29	1
965	2	2	1	4	29	1
966	2	2	1	4	29	1
967	2	2	1	4	29	1
968	2	2	1	4	29	1
969	2	2	1	2	29	1
970	2	2	1	4	29	1
971	3	2	1	2	29	1
972	2	2	1	4	6	2
973	4	1	1	1	29	1
974	4	1	1	1	29	1
975	2	2	1	2	29	1
976	2	2	1	2	29	1
977	2	2	1	2	6	2
978	2	1	4	1	26	3
979	3	1	1	4	29	1
980	2	2	1	1	26	2
981	2	2	1	4	29	1
982	2	2	1	2	29	1
983	2	2	1	4	29	1
984	2	2	1	4	29	1
985	3	1	1	4	29	1
986	3	1	1	4	29	1
987	3	2	1	4	29	1
988	3	2	1	4	29	1
989	3	2	1	4	29	1
990	2	2	1	4	29	1
991	2	2	1	4	29	1
992	3	1	1	4	29	1
993	3	1	1	4	29	1
994	2	1	1	4	29	1
995	1	2	1	4	29	1
996	2	2	1	4	29	1
997	3	1	1	4	29	1
998	3	1	1	4	29	1
999	2	2	1	4	29	1
1000	2	2	1	4	29	1
1001	3	1	1	4	29	1
1002	2	2	1	4	29	1
1003	2	2	4	1	26	5
1004	1	2	1	4	29	1
1005	2	2	1	4	29	1
1006	3	1	1	4	29	1
1007	3	1	1	4	29	1
1008	3	2	1	4	29	1
1009	2	2	1	2	29	1
1010	2	2	1	4	29	1
1011	2	2	1	4	29	1
1012	2	2	1	4	29	1
1013	2	2	4	1	26	2
1014	2	2	4	4	26	2
1015	2	2	4	1	26	2
1016	3	2	1	2	29	1
1017	1	2	1	4	29	1
1018	2	2	1	2	29	1
1019	2	2	1	2	29	1
1020	2	2	2	2	6	2
1021	2	1	1	2	6	2
1022	3	2	1	4	29	1
1023	1	2	1	4	29	1
1024	1	2	1	4	29	1
1025	1	2	1	4	29	1
1026	1	2	1	4	29	1
1027	1	2	1	4	29	1
1028	1	2	1	4	29	1
1029	1	2	1	4	29	1
1030	1	2	1	4	29	1
1031	1	2	1	4	29	1
1032	1	2	1	4	29	1
1033	1	2	1	4	29	1
1034	1	2	1	4	29	1
1035	2	2	1	4	29	1
1036	1	2	1	4	29	1
1037	2	2	1	4	29	1
1038	2	2	1	4	29	1
1039	2	2	1	4	29	1
1040	2	2	1	4	29	1
1041	2	2	1	4	29	1
1042	2	2	1	4	29	1
1043	3	2	4	4	26	5
1044	2	2	1	4	29	1
1045	2	2	1	4	29	1
1046	2	2	1	4	29	1
1047	2	2	1	4	29	1
1048	2	2	1	4	29	1
1049	2	2	1	4	29	1
1050	2	2	1	4	29	1
1051	2	2	1	4	29	1
1052	2	2	1	4	29	1
1053	2	2	1	4	29	1
1054	2	2	1	4	29	1
1055	2	2	1	4	29	1
1056	2	2	1	4	29	1
1057	2	2	1	4	29	1
1058	2	2	1	4	29	1
1059	2	2	1	4	29	1
1060	2	1	1	2	29	1
1061	2	2	1	4	29	1
1062	2	2	1	4	29	1
1063	2	2	1	4	29	1
1064	2	2	1	4	29	1
1065	2	2	1	4	29	1
1066	2	2	1	4	29	1
1067	2	1	1	2	29	1
1068	2	2	1	4	29	1
1069	2	2	1	4	29	1
1070	1	2	1	4	29	1
1071	1	2	1	4	29	1
1072	2	2	1	4	29	1
1073	1	2	1	4	29	1
1074	3	2	1	4	29	1
1075	3	2	1	4	29	1
1076	2	2	1	4	29	1
1077	2	2	1	4	29	1
1078	2	2	1	4	29	1
1079	2	2	1	4	29	1
1080	2	2	1	4	29	1
1081	2	2	1	4	29	1
1082	2	2	1	2	29	1
1083	2	2	2	2	6	2
1084	2	2	1	4	29	1
1085	2	2	1	4	29	1
1086	2	2	1	4	29	2
1087	2	2	1	2	6	1
1088	2	2	2	2	6	2
1089	2	2	1	4	6	2
1090	2	2	1	4	6	2
1091	2	2	2	2	6	2
1092	2	1	2	2	6	2
1093	2	2	1	2	29	1
1094	2	2	2	2	6	2
1095	2	2	2	2	6	2
1096	2	2	2	2	6	2
1097	4	2	1	2	29	1
1098	2	2	2	4	29	2
1099	2	2	2	4	26	2
1100	3	2	1	2	29	1
1101	2	1	1	4	29	1
1102	2	2	1	4	29	1
1103	2	2	1	4	29	1
1104	2	2	1	4	29	1
1105	2	2	1	4	29	1
1106	3	2	1	2	29	1
1107	2	2	1	4	29	1
1108	2	1	2	4	6	2
1109	2	2	1	2	29	1
1110	2	2	1	4	29	1
1111	2	2	1	4	29	1
1112	2	2	1	4	29	1
1113	2	2	1	4	29	1
1114	2	2	1	2	29	1
1115	2	2	1	2	29	1
1116	2	2	1	4	29	1
1117	2	2	1	4	29	1
1118	2	2	1	2	29	1
1119	2	2	1	2	26	1
1120	2	2	1	2	26	2
1121	2	2	1	4	29	1
1122	2	1	1	4	29	1
1123	2	2	1	4	29	1
1124	2	2	1	4	29	1
1125	2	2	1	4	29	1
1126	2	2	1	4	29	1
1127	2	2	1	4	29	1
1128	2	2	1	4	29	1
1129	2	2	1	4	29	1
1130	2	2	1	4	29	1
1131	2	2	1	4	29	1
1132	2	2	1	4	29	1
1133	2	1	1	4	29	1
1134	2	2	1	4	29	1
1135	2	1	1	4	29	1
1136	2	2	1	4	29	1
1137	2	2	1	4	29	1
1138	2	1	1	4	29	1
1139	2	2	1	4	29	1
1140	2	1	1	4	29	1
1141	2	2	1	4	29	1
1142	2	1	1	2	7	2
1143	2	2	1	1	29	1
1144	2	2	1	2	29	1
1145	4	2	1	4	29	1
1146	2	3	1	4	29	1
1147	2	2	4	2	26	5
1148	2	3	4	4	6	3
1149	2	2	1	4	6	1
1150	2	3	4	4	6	3
1151	2	2	1	4	29	1
1152	3	2	1	4	29	1
1153	2	2	1	2	6	2
1154	2	2	1	4	6	2
1155	2	2	1	4	29	1
1156	2	2	1	4	29	1
1157	2	3	4	4	6	3
1158	2	1	4	4	6	3
1159	2	3	4	4	6	3
1160	2	3	4	4	6	3
1161	2	2	1	4	29	1
1162	2	2	1	4	6	2
1163	2	2	1	4	26	1
1164	2	2	1	4	29	1
1165	2	2	1	4	29	1
1166	2	2	1	4	29	1
1167	2	1	1	2	29	1
1168	2	2	1	2	29	1
1169	3	2	1	2	29	1
1170	3	1	1	4	29	1
1171	2	2	1	2	29	1
1172	2	2	1	4	29	1
1173	2	2	1	4	29	1
1174	2	2	1	2	29	1
1175	2	1	1	4	29	1
1176	2	1	1	4	29	1
1177	2	1	1	4	29	1
1178	4	2	1	1	29	1
1179	4	2	1	1	29	1
1180	2	2	1	1	29	1
1181	2	2	1	1	29	1
1182	4	2	1	1	29	1
1183	4	2	1	1	29	1
1184	4	2	1	1	29	1
1185	4	2	1	1	29	1
1186	4	2	1	1	29	1
1187	4	2	1	1	29	1
1188	2	2	1	1	29	1
1189	2	2	1	1	29	1
1190	4	2	1	1	29	1
1191	4	2	1	1	29	1
1192	2	2	1	1	29	1
1193	3	2	1	1	29	1
1194	3	2	1	1	29	1
1195	2	2	1	1	29	1
1196	2	2	1	1	29	1
1197	2	2	1	1	29	1
1198	2	2	1	1	29	1
1199	4	3	1	1	29	1
1200	2	3	1	2	29	1
1201	2	2	1	1	26	1
1202	2	2	1	1	26	1
1203	4	2	1	2	29	1
1204	4	2	1	2	29	1
1205	4	2	1	2	29	1
1206	4	2	1	2	29	1
1207	4	2	1	2	29	1
1208	4	2	1	2	29	1
1209	4	2	1	2	29	1
1210	4	2	1	2	29	1
1211	4	2	1	2	29	1
1212	4	2	1	2	29	1
1213	4	2	1	2	29	1
1214	4	2	1	2	29	1
1215	2	1	2	4	26	2
1216	2	2	1	1	29	1
1217	3	2	1	2	29	1
1218	2	2	1	4	29	2
1219	4	2	1	2	6	2
1220	2	2	1	4	29	1
1221	2	2	1	1	26	1
1222	2	1	4	1	26	5
1223	2	1	2	4	26	2
1224	2	1	1	1	26	2
1225	2	1	1	1	6	1
1226	2	2	1	4	29	1
1227	2	1	1	2	29	1
1228	2	1	1	2	29	1
1229	2	1	1	2	29	1
1230	2	1	1	2	29	1
1231	2	1	1	4	29	1
1232	3	1	1	2	2	2
1233	2	1	1	2	29	1
1234	2	2	1	4	29	1
1235	2	2	1	4	29	1
1236	2	2	1	4	29	1
1237	2	2	1	4	29	1
1238	2	2	4	1	26	5
1239	2	2	1	4	29	1
1240	2	2	1	4	29	1
1241	2	1	1	2	29	1
1242	2	1	1	2	29	1
1243	2	1	2	4	26	2
1244	2	2	2	4	26	2
1245	2	1	2	4	26	2
1246	2	1	2	4	26	2
1247	2	1	2	4	26	2
1248	2	2	1	4	29	1
1249	2	2	1	4	29	1
1250	2	2	1	4	26	1
1251	2	1	2	4	26	2
1252	2	1	2	4	26	2
1253	2	1	2	4	26	2
1254	2	2	4	2	26	5
1255	2	2	1	4	26	1
1256	2	2	1	4	29	1
1257	2	2	1	4	26	1
1258	2	1	2	4	26	2
1259	2	2	1	4	29	1
1260	2	2	1	4	29	1
1261	2	1	2	4	26	2
1262	2	2	1	4	29	1
1263	2	1	2	4	26	2
1264	2	2	1	4	26	1
1265	2	1	2	4	26	2
1266	2	2	1	4	29	1
1267	2	2	1	4	29	1
1268	2	2	1	4	29	1
1269	2	1	2	4	26	2
1270	2	2	1	4	29	1
1271	2	2	1	4	29	1
1272	2	1	2	4	26	2
1273	2	1	1	2	26	2
1274	2	1	1	4	26	1
1275	2	2	1	4	6	2
1276	2	1	2	4	26	2
1277	2	2	1	4	29	1
1278	2	1	2	4	26	2
1279	1	2	1	4	26	1
1280	2	1	2	4	26	2
1281	2	1	2	4	26	2
1282	2	1	2	4	26	2
1283	2	2	1	4	29	1
1284	1	2	1	4	26	1
1285	2	2	1	4	29	1
1286	2	2	1	4	26	1
1287	2	2	1	4	26	2
1288	2	2	1	4	29	1
1289	2	2	1	4	26	1
1290	1	2	1	4	26	1
1291	2	1	2	4	26	2
1292	2	1	2	4	26	2
1293	2	2	1	4	29	1
1294	2	2	2	4	26	2
1295	2	2	1	4	29	1
1296	2	2	1	4	29	1
1297	2	2	1	4	29	1
1298	2	1	2	4	26	2
1299	2	2	1	4	29	1
1300	2	2	2	4	26	2
1301	2	2	1	4	29	1
1302	2	2	1	4	29	1
1303	2	2	2	4	26	2
1304	2	2	2	4	26	2
1305	2	2	2	4	26	2
1306	2	2	1	4	26	2
1307	2	1	2	4	26	2
1308	2	1	2	4	26	2
1309	2	1	2	4	26	2
1310	2	2	1	4	29	1
1311	2	2	1	4	29	1
1312	2	1	2	4	26	2
1313	2	1	2	4	26	2
1314	2	1	1	2	26	2
1315	2	1	2	4	26	2
1316	2	2	1	4	26	1
1317	1	2	1	4	29	1
1318	2	1	2	4	26	2
1319	2	1	2	4	26	2
1320	2	2	2	4	26	2
1321	2	2	1	4	26	1
1322	2	2	1	4	29	1
1323	2	1	2	4	26	2
1324	2	1	2	4	26	2
1325	2	1	2	4	26	2
1326	2	1	2	4	26	2
1327	2	1	2	4	26	2
1328	2	1	2	4	26	2
1329	2	1	2	4	26	2
1330	2	2	1	4	26	1
1331	2	1	2	4	26	2
1332	2	1	2	4	26	2
1333	2	1	2	4	26	2
1334	2	1	2	4	26	2
1335	2	1	2	4	26	2
1336	2	1	2	4	26	2
1337	2	1	2	4	26	2
1338	2	2	1	4	26	1
1339	2	2	1	4	26	1
1340	2	2	1	4	26	1
1341	2	1	2	4	26	2
1342	2	2	1	4	26	1
1343	2	1	2	4	26	2
1344	2	2	2	4	26	2
1345	3	2	4	4	26	5
1346	3	2	1	2	2	2
1347	3	2	1	4	29	1
1348	2	1	2	4	26	2
1349	3	2	1	2	29	2
1350	1	2	1	4	29	1
1351	3	2	1	2	29	2
1352	1	2	1	4	29	1
1353	2	1	2	4	26	2
1354	2	1	2	4	26	2
1355	2	1	2	4	26	2
1356	2	1	2	4	26	2
1357	2	1	2	4	26	2
1358	2	1	2	4	26	2
1359	2	1	2	4	26	2
1360	2	1	2	4	26	2
1361	2	1	2	4	26	2
1362	2	1	2	4	26	2
1363	2	1	2	4	26	2
1364	2	1	2	4	26	2
1365	2	1	2	4	26	2
1366	2	1	2	4	26	2
1367	2	1	2	4	26	2
1368	2	1	2	4	26	2
1369	2	1	2	4	26	2
1370	2	1	2	4	26	2
1371	2	1	2	4	26	2
1372	2	1	2	4	26	2
1373	2	1	2	4	26	2
1374	2	1	2	4	26	2
1375	2	1	2	4	26	2
1376	2	1	2	4	26	2
1377	2	1	2	4	26	2
1378	2	1	2	4	26	2
1379	2	1	2	4	26	2
1380	2	1	2	4	26	2
1381	2	2	1	2	29	1
1382	3	2	4	4	26	5
1383	3	2	1	4	29	1
1384	3	2	1	4	29	1
1385	3	2	1	4	29	1
1386	2	2	1	4	29	1
1387	3	2	1	4	29	1
1388	3	2	1	4	29	1
1389	3	2	1	4	29	1
1390	3	2	1	4	29	1
1391	3	2	1	4	29	1
1392	2	2	1	2	29	1
1393	3	2	1	4	29	1
1394	3	2	1	4	29	1
1395	3	2	1	4	29	1
1396	3	2	1	4	6	1
1397	3	2	1	4	29	1
1398	3	2	1	4	29	1
1399	3	2	4	4	29	5
1400	3	2	1	4	29	1
1401	3	2	1	4	29	1
1402	3	2	1	2	26	1
1403	3	2	4	2	26	3
1404	3	2	1	2	29	1
1405	2	2	1	2	29	1
1406	3	1	4	4	26	3
1407	3	1	4	4	26	3
1408	3	1	4	4	26	3
1409	3	1	4	4	26	3
1410	3	1	4	4	26	3
1411	3	2	4	4	26	3
1412	2	2	4	4	26	3
1413	3	1	4	4	26	3
1414	3	2	4	4	29	3
1415	3	2	4	4	6	3
1416	3	1	1	4	6	2
1417	2	1	4	4	26	3
1418	2	1	1	4	6	2
1419	3	1	4	4	26	3
1420	3	2	4	4	6	3
1421	2	1	4	4	26	3
1422	3	2	4	4	26	3
1423	3	2	4	4	26	3
1424	2	1	4	4	26	3
1425	3	1	4	4	26	3
1426	3	1	4	4	26	3
1427	2	1	4	4	26	3
1428	3	1	4	4	26	3
1429	3	2	4	4	26	3
1430	3	2	4	4	6	3
1431	3	1	4	4	26	3
1432	3	2	4	1	26	5
1433	3	2	4	4	26	3
1434	2	2	4	4	26	3
1435	2	1	4	4	26	3
1436	3	1	4	4	26	3
1437	3	2	4	4	26	3
1438	3	1	4	4	26	3
1439	3	1	4	4	26	3
1440	2	2	1	4	29	1
1441	3	1	4	4	26	3
1442	2	1	4	4	26	3
1443	3	1	4	4	26	3
1444	3	1	4	4	26	3
1445	3	1	4	4	26	3
1446	3	1	4	4	26	3
1447	3	2	4	4	26	3
1448	2	2	1	4	26	3
1449	3	2	4	4	26	3
1450	3	1	4	4	26	3
1451	3	1	4	4	26	3
1452	2	1	4	4	26	3
1453	3	1	4	4	26	3
1454	3	1	4	4	26	3
1455	2	1	4	4	26	3
1456	3	2	4	4	6	3
1457	3	2	4	4	26	3
1458	3	2	4	4	26	3
1459	3	2	4	4	26	3
1460	3	2	4	4	26	3
1461	3	2	4	4	26	3
1462	3	1	4	4	26	3
1463	3	1	4	4	26	3
1464	3	1	4	4	26	3
1465	3	2	4	4	26	3
1466	3	2	4	4	26	3
1467	3	2	4	4	26	3
1468	3	2	4	4	26	3
1469	2	2	1	4	26	3
1470	3	1	4	4	26	3
1471	3	2	4	4	6	3
1472	3	2	4	4	6	3
1473	3	2	4	4	6	3
1474	3	1	4	4	26	3
1475	3	2	4	4	26	5
1476	3	2	4	4	6	3
1477	2	2	4	2	17	2
1478	2	2	4	4	26	3
1479	3	2	4	4	6	3
1480	3	1	4	4	26	3
1481	3	2	4	1	26	5
1482	3	1	4	4	26	3
1483	3	1	4	4	26	3
1484	4	2	1	2	29	1
1485	4	1	1	4	29	1
1486	2	2	1	4	29	1
1487	4	2	1	4	29	1
1488	4	1	1	4	29	1
1489	4	1	1	4	29	1
1490	4	1	1	4	29	1
1491	2	1	1	4	29	1
1492	4	1	1	4	29	1
1493	4	1	1	2	6	1
1494	4	1	1	4	29	1
1495	4	1	1	4	29	1
1496	4	1	1	4	29	1
1497	4	1	1	4	29	1
1498	4	1	1	4	29	1
1499	4	1	1	4	29	1
1500	4	1	1	4	29	1
1501	1	2	1	4	29	1
1502	4	1	1	4	29	1
1503	4	1	1	4	29	1
1504	4	1	1	4	29	1
1505	4	1	1	4	29	1
1506	4	1	1	4	29	1
1507	4	1	1	4	29	1
1508	4	1	1	4	29	1
1509	4	1	1	4	29	1
1510	4	1	1	4	29	1
1511	4	1	1	4	29	1
1512	4	1	1	4	29	1
1513	4	1	1	4	29	1
1514	4	1	1	4	29	1
1515	2	2	1	4	29	1
1516	4	1	1	4	29	1
1517	4	1	1	4	29	1
1518	4	1	1	4	29	1
1519	4	1	1	4	29	1
1520	4	1	1	4	29	1
1521	4	1	1	4	29	1
1522	4	1	1	4	29	1
1523	4	1	1	4	29	1
1524	4	1	1	4	29	1
1525	2	1	4	1	26	5
1526	4	1	1	4	29	1
1527	4	1	1	4	29	1
1528	4	1	1	4	29	1
1529	4	1	1	4	29	1
1530	4	1	1	4	29	1
1531	4	1	1	4	29	1
1532	1	2	1	4	29	1
1533	4	1	1	4	29	1
1534	4	1	1	4	29	1
1535	4	1	1	4	29	1
1536	4	1	1	4	29	1
1537	4	1	1	4	29	1
1538	4	1	1	4	29	1
1539	4	1	1	4	29	1
1540	4	1	1	4	29	1
1541	4	1	1	4	29	1
1542	4	1	1	4	29	1
1543	4	1	1	4	29	1
1544	4	1	1	4	29	1
1545	4	1	1	4	29	1
1546	4	1	1	4	29	1
1547	4	1	1	4	29	1
1548	4	1	1	4	29	1
1549	4	1	1	4	29	1
1550	4	1	1	4	29	1
1551	4	1	1	4	29	1
1552	4	1	1	4	29	1
1553	2	1	1	4	29	1
1554	4	1	1	4	29	1
1555	4	1	1	4	29	1
1556	4	1	1	4	29	1
1557	4	1	1	4	29	1
1558	4	1	1	4	29	1
1559	4	1	1	4	29	1
1560	4	1	1	4	29	1
1561	4	1	1	4	29	1
1562	4	1	1	4	29	1
1563	4	1	1	4	29	1
1564	4	1	1	4	29	1
1565	4	1	1	4	29	1
1566	2	1	1	4	29	1
1567	4	1	1	4	29	1
1568	4	1	1	4	29	1
1569	4	1	1	4	29	1
1570	4	1	1	4	29	1
1571	4	1	1	4	29	1
1572	4	1	1	4	29	1
1573	4	1	1	4	29	1
1574	4	1	1	4	29	1
1575	3	1	1	4	26	2
1576	4	1	1	4	29	1
1577	2	2	1	4	29	1
1578	4	1	1	4	29	1
1579	4	1	1	4	29	1
1580	4	1	1	4	29	1
1581	2	2	1	4	29	1
1582	2	2	1	4	29	1
1583	4	1	1	4	29	1
1584	4	1	1	4	29	1
1585	2	1	1	4	29	1
1586	4	1	1	4	29	1
1587	2	2	1	4	29	1
1588	4	1	1	4	29	1
1589	2	1	1	2	29	1
1590	4	1	1	4	29	1
1591	4	1	1	4	29	1
1592	4	1	1	4	29	1
1593	4	1	1	4	29	1
1594	2	2	1	2	29	1
1595	2	1	1	4	29	1
1596	3	2	1	2	26	2
1597	4	1	1	4	29	1
1598	1	2	1	4	29	1
1599	4	1	1	4	29	1
1600	4	1	1	4	29	1
1601	4	1	1	4	29	1
1602	4	1	1	4	29	1
1603	4	1	1	4	29	1
1604	4	1	1	4	29	1
1605	4	1	1	2	6	2
1606	4	1	1	4	29	1
1607	2	2	1	4	26	2
1608	2	2	1	4	26	2
1609	2	1	1	4	26	2
1610	3	1	1	4	26	2
1611	3	1	1	4	26	2
1612	3	1	1	4	26	2
1613	2	1	1	4	26	2
1614	2	1	1	4	29	1
1615	1	2	1	4	29	1
1616	1	2	1	4	29	1
1617	1	2	1	4	29	1
1618	2	2	1	4	29	1
1619	2	2	1	4	29	1
1620	2	2	1	4	29	1
1621	4	3	1	4	29	1
1622	2	2	1	4	29	1
1623	3	2	1	4	29	1
1624	2	2	1	4	29	1
1625	2	2	1	4	29	1
1626	2	2	1	4	29	1
1627	2	2	1	4	29	1
1628	3	2	4	4	26	5
1629	2	2	1	4	29	1
1630	2	2	1	4	29	1
1631	2	2	1	4	29	1
1632	2	2	1	4	29	1
1633	2	1	1	2	29	1
1634	2	2	1	4	29	1
1635	2	2	1	4	29	1
1636	2	2	1	4	29	1
1637	2	1	1	2	29	1
1638	2	2	1	4	29	1
1639	2	2	1	4	29	1
1640	2	2	1	4	29	1
1641	2	2	1	4	29	1
1642	2	2	1	4	29	1
1643	2	2	1	4	29	1
1644	2	2	1	4	29	1
1645	2	2	4	2	26	5
1646	2	2	1	4	29	1
1647	2	2	1	4	29	1
1648	2	2	1	4	29	1
1649	2	2	1	4	29	1
1650	2	2	1	4	29	1
1651	2	2	1	4	29	1
1652	2	1	1	2	29	1
1653	2	2	1	4	29	1
1654	2	2	1	2	29	1
1655	2	2	1	4	29	1
1656	2	2	1	4	29	1
1657	2	2	1	4	29	1
1658	2	2	1	4	29	1
1659	2	2	1	4	29	1
1660	2	2	1	4	29	1
1661	2	2	1	4	29	1
1662	2	2	1	4	29	1
1663	2	2	1	4	29	1
1664	2	2	1	4	29	1
1665	2	2	1	4	29	1
1666	2	2	1	4	29	1
1667	2	1	4	1	26	5
1668	2	2	1	4	29	1
1669	2	2	1	4	29	1
1670	2	2	1	4	29	1
1671	2	2	1	4	29	1
1672	2	2	1	4	29	1
1673	2	2	1	4	29	1
1674	2	2	1	4	29	1
1675	2	2	1	4	29	1
1676	2	2	1	4	29	1
1677	2	2	1	4	29	1
1678	3	1	1	4	29	1
1679	1	2	1	4	29	1
1680	4	1	1	2	6	2
1681	2	2	1	2	29	1
1682	2	2	1	4	29	1
1683	2	2	1	2	29	1
1684	2	2	1	2	29	1
1685	2	2	1	4	29	1
1686	2	2	1	4	29	1
1687	2	2	1	4	29	1
1688	2	2	1	4	29	1
1689	2	2	1	4	29	1
1690	2	2	1	2	29	1
1691	2	2	1	1	29	1
1692	3	4	4	2	19	5
1693	3	4	4	2	19	5
1694	3	4	4	2	19	5
1695	2	1	1	4	6	2
1696	4	2	1	4	6	2
1697	2	2	1	4	29	1
1698	4	2	1	4	6	2
1699	4	2	1	4	6	2
1700	4	1	1	4	29	2
1701	4	2	1	4	6	2
1702	4	2	1	4	6	2
1703	4	1	1	4	6	2
1704	2	2	1	4	29	1
1705	4	2	1	4	6	2
1706	2	2	1	4	6	2
1707	2	2	1	4	29	1
1708	4	1	1	4	29	2
1709	4	2	1	4	29	1
1710	4	2	1	4	6	2
1711	2	1	1	4	29	1
1712	2	1	1	2	19	2
1713	2	1	2	4	19	2
1714	2	2	1	2	29	1
1715	4	1	1	4	29	1
1716	1	1	1	4	29	1
1717	2	1	1	2	29	1
1718	2	1	1	2	29	1
1719	2	2	1	2	29	1
1720	1	1	1	4	29	1
1721	2	1	1	4	29	1
1722	1	2	1	4	29	1
1723	2	2	1	4	29	1
1724	2	1	1	4	29	1
1725	2	1	1	4	29	1
1726	2	1	1	4	29	1
1727	2	1	1	4	29	1
1728	2	1	1	2	29	1
1729	2	2	2	4	19	2
1730	2	1	1	4	29	1
1731	2	2	1	4	29	1
1732	3	2	1	4	29	1
1733	2	1	1	2	29	1
1734	2	1	1	2	29	1
1735	2	1	1	2	29	1
1736	2	1	1	2	29	1
1737	2	1	1	2	29	1
1738	2	1	1	2	29	1
1739	2	1	1	2	29	1
1740	2	1	1	2	29	1
1741	2	1	1	1	26	1
1742	4	2	1	2	29	1
1743	2	1	1	2	29	1
1744	2	2	1	1	26	2
1745	2	2	1	2	6	2
1746	2	2	1	1	29	1
1747	2	2	1	4	29	1
1748	2	2	1	1	26	2
1749	2	2	1	4	29	1
1750	2	2	1	1	26	2
1751	2	2	1	1	26	2
1752	2	2	1	2	6	2
1753	2	2	1	2	6	2
1754	2	2	1	1	26	2
1755	2	2	1	4	29	1
1756	2	2	1	2	29	1
1757	2	2	1	2	29	1
1758	2	2	1	4	29	1
1759	2	2	1	2	6	2
1760	2	2	1	2	6	2
1761	2	2	3	2	6	2
1762	3	2	1	4	29	1
1763	3	2	1	4	29	1
1764	1	2	1	4	29	1
1765	1	2	1	4	29	1
1766	3	2	1	4	29	1
1767	1	2	1	4	29	1
1768	1	2	1	4	29	1
1769	1	2	1	4	29	1
1770	1	2	1	4	29	1
1771	1	2	1	4	29	1
1772	3	2	1	4	29	1
1773	1	2	1	4	29	1
1774	3	2	1	4	29	1
1775	1	2	1	4	29	1
1776	1	2	1	4	29	1
1777	1	2	1	4	29	1
1778	1	2	1	4	29	1
1779	1	2	1	4	29	1
1780	1	2	1	4	29	1
1781	1	2	1	4	29	1
1782	1	2	1	4	29	1
1783	1	2	1	4	29	1
1784	1	2	1	4	29	1
1785	1	2	1	4	29	1
1786	1	2	1	4	29	1
1787	1	2	1	4	29	1
1788	1	2	1	4	29	1
1789	1	2	1	4	29	1
1790	3	2	1	4	29	1
1791	1	2	1	4	29	1
1792	1	2	1	4	29	1
1793	1	2	1	4	29	1
1794	1	2	1	4	29	1
1795	1	2	1	4	29	1
1796	1	2	1	4	29	1
1797	1	2	1	4	29	1
1798	1	2	1	4	29	1
1799	1	2	1	4	29	1
1800	1	2	1	4	29	1
1801	1	2	1	4	29	1
1802	1	2	1	4	29	1
1803	1	2	1	4	29	1
1804	3	2	1	4	29	1
1805	3	2	1	4	29	1
1806	2	1	1	2	29	1
1807	3	2	1	4	29	1
1808	3	2	1	4	29	1
1809	3	2	1	4	29	1
1810	3	2	1	4	29	1
1811	3	2	1	4	29	1
1812	3	2	1	4	29	1
1813	3	2	1	4	29	1
1814	3	2	1	4	29	1
1815	3	2	1	4	29	1
1816	3	2	1	4	29	1
1817	3	2	1	4	29	1
1818	3	2	1	4	29	1
1819	3	1	1	2	29	1
1820	1	2	1	4	29	1
1821	1	2	1	4	29	1
1822	1	2	1	4	29	1
1823	1	2	1	4	29	1
1824	1	2	1	4	29	1
1825	1	2	1	4	29	1
1826	1	2	1	4	29	1
1827	1	2	1	4	29	1
1828	1	2	1	4	29	1
1829	1	2	1	4	29	1
1830	1	2	1	4	29	1
1831	1	1	1	4	29	1
1832	1	2	1	4	29	1
1833	1	2	1	4	29	1
1834	1	2	1	4	29	1
1835	1	2	1	4	29	1
1836	1	2	1	4	29	1
1837	1	2	1	4	29	1
1838	1	2	1	4	29	1
1839	1	2	1	4	29	1
1840	1	2	1	4	29	1
1841	1	2	1	4	29	1
1842	1	2	1	4	29	1
1843	3	2	1	4	29	1
1844	3	2	1	4	29	1
1845	2	2	1	1	6	2
1846	2	2	1	4	29	1
1847	2	2	1	2	29	1
1848	2	1	1	2	6	2
1849	2	2	1	4	29	1
1850	2	1	1	2	29	1
1851	3	2	1	2	29	1
1852	2	2	1	2	26	2
1853	3	2	1	2	29	1
1854	2	1	1	4	29	1
1855	2	1	1	4	29	1
1856	3	2	1	4	29	1
1857	3	2	1	4	29	1
1858	2	2	1	4	29	1
1859	2	1	1	4	29	1
1860	2	2	1	4	29	1
1861	2	2	1	4	29	1
1862	2	2	1	4	29	1
1863	2	2	1	4	29	1
1864	2	1	1	4	29	1
1865	2	2	1	4	29	1
1866	2	2	1	4	29	1
1867	2	2	1	4	29	1
1868	2	2	4	2	26	5
1869	2	1	4	1	26	5
1870	2	1	4	1	26	5
1871	2	2	4	1	26	5
1872	2	1	4	1	26	5
1873	2	2	4	1	26	5
1874	2	2	4	1	26	5
1875	3	2	4	4	26	5
1876	2	2	1	4	6	1
1877	3	2	1	4	29	1
1878	2	2	1	4	6	1
1879	2	2	1	4	6	1
1880	2	2	1	4	6	1
1881	2	2	1	2	26	1
1882	2	1	1	4	29	1
1883	2	2	1	2	6	2
1884	3	2	1	4	29	1
1885	3	2	1	4	29	1
1886	3	2	1	4	29	1
1887	3	2	1	4	29	1
1888	2	2	1	2	29	1
1889	2	2	1	2	29	1
1890	2	2	1	2	29	1
1891	4	2	1	4	29	1
1892	4	1	4	4	26	2
1893	2	2	1	4	29	1
1894	4	1	4	4	26	2
1895	2	2	1	4	29	1
1896	2	2	1	4	29	1
1897	2	2	1	4	29	1
1898	2	2	1	4	29	1
1899	2	2	1	4	29	1
1900	2	2	1	4	29	1
1901	2	2	1	4	29	1
1902	2	2	1	4	29	1
1903	2	2	1	4	29	1
1904	2	2	1	4	29	1
1905	2	2	1	2	26	2
1906	2	2	1	4	29	1
1907	2	2	1	4	29	1
1908	2	2	1	4	29	1
1909	2	2	1	4	29	1
1910	2	2	1	4	29	1
1911	2	2	1	4	29	1
1912	2	2	1	4	29	1
1913	2	2	1	4	29	1
1914	2	2	1	4	29	1
1915	2	2	1	4	29	1
1916	2	2	1	2	26	2
1917	2	2	1	4	29	1
1918	2	2	1	4	29	1
1919	2	2	1	4	29	1
1920	2	2	1	4	29	1
1921	2	2	1	4	29	1
1922	2	2	1	4	29	1
1923	1	2	1	4	29	1
1924	2	2	1	4	29	1
1925	2	2	1	4	29	1
1926	2	2	1	4	29	1
1927	2	2	1	4	6	1
1928	2	2	1	4	29	1
1929	2	2	1	4	29	1
1930	2	2	1	4	29	1
1931	2	2	1	4	29	1
1932	2	2	1	4	29	1
1933	1	2	1	4	29	1
1934	2	2	1	4	29	1
1935	1	2	1	4	29	1
1936	2	2	1	4	29	1
1937	2	2	1	4	29	1
1938	1	2	1	4	29	1
1939	2	2	1	4	29	1
1940	2	2	1	4	29	1
1941	2	2	1	2	26	2
1942	2	2	1	4	29	1
1943	2	2	1	4	29	1
1944	2	2	1	4	29	1
1945	2	2	1	4	29	1
1946	2	2	1	4	29	1
1947	2	2	1	4	29	1
1948	2	2	1	4	29	1
1949	2	2	1	4	29	1
1950	2	2	1	4	29	1
1951	2	2	1	4	29	1
1952	2	2	1	4	29	1
1953	2	2	1	4	29	1
1954	2	2	1	4	29	1
1955	2	2	1	4	29	1
1956	2	2	1	4	29	1
1957	2	2	1	4	29	1
1958	1	2	1	4	29	1
1959	2	2	1	4	29	1
1960	2	2	1	4	29	1
1961	2	2	1	4	29	1
1962	2	2	1	4	29	1
1963	2	2	1	4	29	1
1964	2	2	1	4	29	1
1965	2	2	1	4	29	1
1966	2	2	1	4	29	1
1967	2	2	1	4	29	1
1968	2	2	1	4	29	1
1969	2	2	1	4	29	1
1970	1	2	1	4	29	1
1971	2	2	1	4	29	1
1972	2	2	1	4	29	1
1973	2	2	1	4	29	2
1974	2	2	1	4	29	1
1975	2	2	1	4	29	1
1976	2	2	1	4	29	1
1977	2	2	1	4	29	1
1978	2	2	1	4	29	1
1979	1	2	1	4	29	1
1980	2	2	1	4	29	1
1981	2	2	1	4	29	1
1982	2	2	1	4	29	1
1983	2	2	1	4	29	1
1984	2	2	1	4	29	1
1985	2	2	1	4	29	1
1986	2	2	1	4	29	1
1987	2	2	1	4	29	1
1988	2	2	1	4	29	1
1989	2	2	1	4	29	1
1990	2	2	1	4	29	1
1991	2	2	4	2	26	5
1992	2	2	1	4	29	1
1993	2	2	1	4	29	1
1994	2	2	1	2	26	5
1995	2	2	1	4	29	1
1996	2	2	1	4	29	1
1997	2	2	1	4	29	1
1998	2	2	1	4	29	1
1999	2	2	1	4	29	1
2000	2	2	1	4	29	1
2001	2	2	1	4	29	1
2002	2	2	1	4	29	1
2003	2	2	1	4	29	1
2004	2	2	1	4	29	1
2005	2	2	1	4	29	1
2006	2	2	1	4	29	1
2007	2	2	1	4	29	1
2008	2	2	4	2	26	5
2009	2	2	1	4	29	1
2010	2	2	1	4	29	1
2011	1	2	1	4	29	1
2012	2	2	1	4	29	1
2013	4	1	1	2	29	1
2014	2	2	1	4	29	1
2015	2	2	1	4	29	1
2016	2	2	1	2	29	1
2017	2	2	1	4	29	1
2018	2	2	1	4	29	1
2019	2	1	1	2	29	1
2020	2	2	1	4	29	1
2021	2	2	1	4	29	1
2022	2	2	1	4	29	1
2023	2	2	1	4	29	1
2024	2	2	1	4	29	1
2025	2	2	1	4	29	1
2026	2	2	1	4	29	1
2027	2	2	1	4	29	1
2028	2	2	1	4	29	1
2029	2	2	1	4	29	1
2030	2	2	1	4	29	1
2031	2	2	1	4	29	1
2032	2	2	1	4	29	1
2033	2	2	1	4	29	1
2034	2	2	1	4	29	1
2035	2	2	1	4	29	1
2036	1	2	1	4	29	1
2037	2	2	1	4	29	1
2038	2	2	1	4	29	1
2039	2	2	1	4	29	1
2040	2	2	1	4	29	1
2041	2	2	1	4	29	1
2042	2	2	1	4	29	1
2043	2	2	1	4	29	1
2044	2	2	1	4	29	1
2045	2	2	1	4	29	1
2046	2	2	1	4	29	1
2047	2	2	1	4	29	1
2048	2	2	1	4	29	1
2049	2	2	1	4	29	1
2050	2	2	1	4	29	1
2051	2	2	1	4	29	1
2052	2	2	1	4	29	1
2053	2	2	1	4	29	1
2054	2	2	1	4	29	1
2055	2	2	1	4	29	1
2056	2	2	1	4	29	1
2057	2	2	1	4	29	1
2058	2	2	1	4	29	1
2059	2	2	1	4	29	1
2060	2	2	1	4	29	1
2061	2	2	1	4	29	1
2062	2	2	1	4	29	1
2063	2	2	1	4	29	1
2064	2	2	1	4	29	1
2065	2	2	1	4	29	1
2066	2	2	1	4	29	1
2067	2	2	1	4	29	1
2068	2	2	1	4	29	1
2069	2	2	1	4	29	1
2070	2	2	1	4	29	1
2071	2	2	1	4	29	1
2072	2	2	1	4	29	1
2073	2	2	1	4	29	1
2074	2	2	1	4	29	1
2075	2	2	1	4	29	1
2076	2	2	1	2	29	1
2077	1	2	1	4	29	1
2078	2	2	1	4	29	1
2079	2	2	1	4	29	1
2080	2	2	1	4	29	1
2081	2	2	1	4	29	1
2082	2	2	1	4	29	1
2083	2	2	1	4	29	1
2084	2	2	1	4	29	1
2085	2	2	1	4	29	1
2086	2	2	1	4	29	1
2087	2	2	1	4	29	1
2088	2	2	1	4	29	1
2089	2	2	1	4	29	1
2090	2	2	1	4	29	1
2091	2	2	1	4	29	1
2092	2	2	1	4	29	1
2093	2	1	2	2	26	2
2094	2	1	1	2	29	1
2095	2	2	1	2	6	1
2096	2	2	1	2	6	2
2097	1	2	1	4	29	1
2098	3	1	1	4	29	1
2099	3	1	1	4	29	1
2100	2	2	1	2	6	2
2101	2	2	1	2	29	1
2102	2	2	1	2	29	1
2103	2	2	1	2	29	1
2104	2	2	1	2	29	1
2105	2	2	1	2	6	2
2106	2	2	1	2	6	2
2107	2	2	1	2	29	1
2108	2	2	1	2	29	1
2109	2	2	1	2	29	1
2110	2	2	1	2	29	1
2111	2	2	1	2	29	1
2112	2	2	1	2	6	2
2113	2	2	1	2	6	2
2114	2	2	2	2	6	2
2115	2	2	1	2	6	2
2116	2	2	1	2	6	2
2117	2	2	1	2	6	2
2118	2	2	1	2	6	2
2119	2	2	1	2	26	2
2120	2	2	1	2	29	1
2121	2	2	1	2	6	2
2122	2	2	1	2	6	2
2123	2	2	1	2	6	2
2124	2	2	1	2	6	2
2125	2	2	1	2	6	2
2126	2	2	1	2	6	2
2127	2	2	1	2	6	2
2128	2	2	1	2	6	2
2129	2	2	2	2	6	2
2130	2	2	1	2	29	2
2131	2	2	1	2	29	1
2132	2	2	1	2	6	2
2133	3	2	1	4	6	2
2134	4	3	1	4	29	1
2135	4	3	1	4	29	1
2136	2	1	3	2	19	2
2137	2	2	1	2	29	1
2138	2	2	1	2	29	1
2139	2	2	1	2	29	1
2140	2	2	1	2	29	1
2141	3	3	1	2	29	1
2142	3	3	1	2	29	1
2143	3	3	1	2	29	1
2144	3	3	1	2	29	1
2145	3	3	1	2	29	1
2146	3	3	1	2	29	1
2147	3	3	1	2	29	1
2148	3	3	1	2	29	1
2149	3	3	1	2	29	1
2150	3	3	1	2	29	1
2151	3	3	1	2	29	1
2152	3	3	1	2	29	1
2153	3	3	1	2	29	1
2154	3	3	1	2	29	1
2155	3	3	1	2	29	1
2156	3	3	1	2	29	1
2157	3	3	1	2	29	1
2158	2	3	1	4	29	1
2159	2	2	1	2	29	1
2160	2	2	1	4	29	1
2161	2	2	2	2	6	2
2162	2	2	1	2	6	2
2163	2	2	1	2	6	2
2164	2	2	2	2	6	2
2165	2	2	2	2	6	2
2166	2	2	2	2	6	2
2167	2	2	2	2	6	2
2168	2	2	2	2	26	2
2169	2	2	1	1	29	1
2170	2	2	1	4	29	1
2171	4	2	1	4	6	2
2172	2	2	1	4	29	1
2173	2	1	1	2	29	1
2174	2	1	1	2	29	1
2175	2	2	1	4	29	1
2176	2	2	1	4	29	1
2177	1	2	1	4	29	1
2178	2	1	1	4	6	1
2179	2	1	2	4	6	2
2180	1	1	1	4	6	2
2181	3	1	1	2	29	1
2182	1	2	1	4	29	1
2183	2	1	2	4	6	2
2184	2	1	1	4	6	2
2185	1	2	1	4	29	1
2186	2	1	2	4	6	2
2187	2	2	1	4	29	1
2188	2	1	2	4	6	2
2189	2	1	2	4	6	2
2190	2	1	2	4	6	2
2191	2	1	2	4	6	2
2192	2	1	2	4	6	2
2193	2	1	2	4	6	2
2194	2	1	2	4	6	2
2195	2	1	2	4	6	2
2196	2	1	2	4	6	2
2197	2	1	2	4	6	2
2198	2	1	2	4	6	2
2199	2	1	2	4	6	2
2200	2	1	2	4	6	2
2201	2	1	2	4	6	2
2202	3	2	1	2	29	1
2203	2	1	2	4	6	2
2204	2	1	2	4	6	2
2205	2	1	1	2	29	1
2206	2	2	1	4	29	1
2207	2	2	1	4	6	2
2208	2	4	1	2	29	1
2209	2	2	1	4	29	1
2210	2	2	1	4	29	1
2211	2	2	1	4	29	1
2212	2	2	1	4	29	1
2213	2	2	1	4	29	1
2214	2	2	1	4	29	1
2215	2	2	1	4	29	1
2216	2	2	1	4	29	1
2217	2	2	1	4	29	1
2218	2	2	1	4	29	1
2219	2	2	1	4	29	1
2220	2	2	1	4	29	1
2221	2	2	1	4	29	1
2222	2	2	1	4	29	1
2223	2	2	1	4	29	1
2224	2	2	1	4	29	1
2225	2	2	1	4	29	1
2226	2	2	1	4	29	1
2227	2	2	1	4	29	1
2228	2	2	1	4	29	1
2229	2	2	1	4	29	1
2230	2	2	1	4	29	1
2231	2	2	1	4	29	1
2232	2	2	1	4	29	1
2233	2	2	1	4	29	1
2234	2	2	1	4	29	1
2235	2	2	1	4	29	1
2236	2	2	1	4	29	1
2237	2	2	1	4	29	1
2238	2	2	1	4	29	1
2239	2	2	1	4	29	1
2240	2	2	1	4	29	1
2241	2	2	1	4	29	1
2242	2	2	1	4	29	1
2243	2	2	1	2	29	1
2244	2	2	4	2	26	1
2245	3	2	1	2	29	1
2246	2	2	1	4	29	1
2247	2	2	1	4	29	1
2248	2	2	1	4	29	1
2249	2	2	1	4	29	1
2250	3	1	1	4	29	1
2251	2	1	1	1	29	1
2252	2	2	1	2	29	1
2253	2	1	1	4	29	1
2254	2	1	1	4	29	1
2255	2	2	1	4	29	1
2256	2	2	1	2	29	1
2257	2	2	1	4	6	2
2258	2	2	1	2	6	2
2259	2	2	1	2	6	2
2260	2	2	1	4	29	1
2261	2	2	1	4	6	1
2262	2	2	1	4	6	2
2263	2	2	1	2	6	2
2264	2	2	1	4	29	1
2265	2	2	1	4	29	1
2266	2	1	1	4	29	1
2267	2	1	1	2	1	1
2268	3	2	1	4	29	1
2269	2	1	1	4	29	1
2270	4	1	1	2	6	2
2271	3	1	1	4	29	1
2272	3	1	1	4	29	1
2273	2	1	1	4	29	1
2274	2	1	1	4	29	1
2275	2	1	1	4	29	1
2276	2	1	1	4	29	1
2277	3	2	1	4	29	1
2278	2	1	1	4	29	1
2279	2	1	1	4	29	1
2280	3	1	1	4	29	1
2281	3	1	1	2	29	1
2282	3	1	1	4	29	1
2283	3	1	1	4	29	1
2284	4	1	1	2	29	1
2285	1	2	1	1	29	1
2286	2	2	1	1	6	2
2287	2	2	1	2	29	1
2288	2	2	1	2	29	1
2289	2	2	1	1	29	1
2290	2	2	1	2	29	1
2291	2	2	2	2	6	2
2292	2	1	1	2	29	1
2293	4	1	1	4	29	1
2294	4	1	1	4	29	1
2295	4	1	2	4	26	2
2296	4	1	1	4	26	1
2297	4	1	2	4	26	2
2298	4	1	1	4	29	1
2299	4	1	2	4	26	2
2300	4	1	2	4	26	2
2301	4	1	2	4	26	2
2302	4	1	2	4	26	2
2303	4	1	2	4	26	2
2304	2	2	1	4	6	1
2305	2	2	1	4	29	1
2306	2	2	1	4	29	1
2307	2	2	1	4	29	1
2308	2	1	1	2	6	1
2309	2	2	1	2	17	2
2310	2	2	1	4	29	1
2311	2	2	1	4	29	1
2312	2	2	1	4	29	1
2313	2	2	1	4	29	1
2314	2	2	1	4	29	1
2315	2	2	1	4	29	1
2316	2	1	1	2	29	1
2317	2	2	1	4	29	1
2318	4	2	3	4	26	2
2319	4	2	3	4	26	2
2320	2	2	1	2	10	2
2321	2	2	1	2	10	2
2322	2	2	1	4	29	1
2323	2	2	1	2	26	1
2324	2	1	2	2	19	2
2325	2	1	2	2	19	2
2326	2	2	1	1	29	1
2327	2	2	1	1	29	1
2328	2	2	1	1	29	1
2329	2	2	1	1	29	1
2330	2	3	1	4	29	1
2331	3	2	1	4	29	1
2332	1	2	1	4	29	1
2333	3	2	1	4	29	1
2334	3	2	1	4	29	1
2335	1	2	1	4	29	1
2336	1	2	1	4	29	1
2337	1	2	1	4	29	1
2338	1	2	1	4	29	1
2339	3	2	1	4	29	1
2340	3	2	1	4	29	1
2341	3	2	1	4	29	1
2342	3	2	1	4	29	1
2343	1	2	1	4	29	1
2344	1	2	1	4	29	1
2345	3	2	1	4	29	1
2346	3	2	1	4	29	1
2347	3	1	1	4	29	1
2348	3	1	1	4	29	1
2349	3	1	1	4	29	1
2350	1	2	1	4	29	1
2351	3	1	1	4	29	1
2352	2	2	1	4	29	1
2353	3	1	1	4	29	1
2354	3	1	1	4	29	1
2355	3	1	1	4	29	1
2356	3	1	1	4	29	1
2357	3	1	1	4	29	1
2358	3	1	1	4	29	1
2359	3	1	1	4	29	1
2360	3	1	1	4	29	1
2361	3	1	1	4	29	1
2362	2	2	1	4	29	1
2363	2	2	1	2	29	1
2364	2	1	1	2	29	1
2365	2	3	1	4	29	1
2366	4	1	1	4	29	1
2367	3	2	1	2	29	1
2368	2	2	2	4	19	2
2369	2	2	2	4	19	2
2370	1	2	1	2	29	1
2371	2	2	1	2	29	1
2372	1	2	1	2	29	1
2373	1	2	1	2	29	1
2374	1	2	1	2	29	1
2375	1	2	1	2	29	1
2376	3	2	2	2	26	2
2377	4	1	1	4	29	1
2378	3	1	1	4	29	1
2379	4	1	1	4	29	1
2380	4	1	1	4	29	1
2381	4	1	1	4	29	1
2382	2	1	1	2	6	1
2383	2	2	1	4	29	1
2384	4	1	1	4	29	1
2385	4	1	1	4	29	1
2386	4	2	1	4	29	1
2387	4	1	1	4	29	1
2388	2	2	1	4	29	2
2389	4	1	1	4	29	1
2390	4	1	1	4	29	1
2391	4	1	1	4	29	1
2392	3	1	1	4	29	1
2393	2	2	1	2	29	1
2394	2	2	1	4	29	1
2395	2	2	1	4	29	1
2396	2	2	1	4	29	1
2397	2	2	1	4	29	1
2398	2	2	1	4	29	1
2399	2	3	1	4	29	1
2400	2	3	1	4	29	1
2401	2	3	1	4	29	1
2402	2	3	1	4	29	1
2403	2	3	1	4	29	1
2404	2	3	1	4	29	1
2405	2	3	1	4	29	1
2406	2	3	1	4	29	1
2407	2	1	1	1	29	1
2408	2	2	1	4	29	1
2409	2	2	1	4	29	1
2410	2	2	1	2	29	1
2411	2	2	1	2	29	1
2412	3	2	2	2	26	2
2413	3	2	2	2	26	2
2414	3	2	2	2	26	2
2415	3	2	2	2	26	2
2416	3	2	2	2	26	2
2417	2	2	2	2	26	2
2418	3	2	2	2	26	2
2419	3	2	2	2	26	2
2420	4	2	1	4	29	1
2421	4	2	1	4	29	1
2422	4	2	1	4	29	1
2423	4	2	1	4	29	1
2424	2	1	1	4	29	1
2425	2	2	1	4	29	1
2426	2	2	1	4	29	1
2427	2	2	1	4	29	1
2428	2	2	1	4	29	1
2429	2	2	1	4	29	1
2430	2	2	1	4	29	1
2431	2	2	1	2	29	1
2432	2	2	1	2	6	2
2433	2	2	2	2	26	2
2434	3	2	1	2	2	2
2435	3	2	1	2	2	2
2436	3	2	1	2	2	2
2437	3	2	1	2	2	2
2438	2	2	1	4	29	1
2439	2	2	1	4	29	1
2440	2	2	1	4	29	1
2441	2	2	1	4	26	2
2442	2	2	1	4	26	2
2443	2	2	1	2	6	2
2444	2	2	3	2	6	2
2445	2	2	1	2	6	2
2446	2	2	3	2	6	2
2447	2	2	1	4	26	2
2448	2	1	2	2	6	2
2449	2	1	2	2	6	2
2450	2	1	2	2	6	2
2451	2	1	2	2	6	2
2452	2	1	2	2	6	2
2453	2	1	2	2	6	2
2454	2	1	2	2	6	2
2455	2	1	2	2	6	2
2456	2	1	2	2	6	2
2457	2	1	2	2	6	2
2458	2	1	2	2	6	2
2459	2	1	2	2	6	2
2460	2	1	2	2	6	2
2461	2	1	2	2	6	2
2462	2	2	2	2	6	2
2463	2	2	1	2	29	1
2464	3	2	1	4	29	1
2465	1	2	1	4	29	1
2466	2	2	1	4	6	2
2467	2	2	1	4	29	1
2468	2	2	1	4	29	1
2469	3	2	1	4	29	1
2470	2	2	1	4	29	1
2471	3	2	1	4	29	1
2472	2	2	1	4	29	1
2473	2	2	1	4	6	1
2474	1	2	1	4	29	1
2475	2	2	1	4	29	1
2476	3	2	1	4	29	1
2477	3	2	1	4	29	1
2478	2	2	1	4	6	1
2479	2	2	1	4	6	1
2480	2	2	1	4	6	1
2481	3	2	1	4	29	1
2482	2	2	1	4	6	1
2483	2	2	1	4	29	1
2484	3	2	1	4	29	1
2485	2	2	1	4	29	1
2486	3	2	1	4	29	1
2487	3	2	1	4	29	1
2488	2	2	1	4	29	1
2489	3	2	1	4	29	1
2490	3	2	1	4	29	1
2491	3	2	1	4	29	1
2492	3	2	1	4	29	1
2493	3	2	1	2	29	1
2494	2	2	1	1	19	2
2495	4	2	1	4	29	1
2496	2	2	1	4	29	1
2497	2	2	1	4	29	1
2498	2	2	1	4	29	1
2499	2	2	1	4	29	1
2500	2	2	1	4	29	1
2501	4	2	1	4	29	1
2502	2	2	1	4	29	1
2503	2	2	1	4	29	1
2504	2	2	1	4	29	1
2505	2	2	1	4	29	1
2506	2	2	1	4	29	1
2507	2	2	1	4	29	1
2508	2	2	1	4	29	1
2509	2	2	1	4	29	1
2510	2	2	1	4	29	1
2511	2	2	1	4	29	1
2512	2	2	1	4	29	1
2513	3	2	1	4	29	1
2514	2	2	1	4	29	1
2515	2	2	1	4	29	1
2516	2	2	1	4	29	1
2517	2	2	1	4	29	1
2518	2	2	1	4	29	1
2519	2	2	1	4	29	1
2520	2	2	1	4	29	1
2521	2	2	1	4	29	1
2522	4	1	1	4	29	1
2523	2	2	1	4	29	1
2524	2	2	1	4	29	1
2525	2	2	1	4	29	1
2526	2	2	1	4	29	1
2527	2	2	1	4	29	1
2528	2	2	1	4	29	1
2529	2	2	1	4	29	1
2530	2	2	1	4	29	1
2531	2	2	1	4	29	1
2532	4	2	1	4	29	1
2533	2	2	1	2	26	1
2534	4	2	1	4	29	1
2535	2	2	1	4	29	1
2536	2	2	1	4	29	1
2537	2	2	1	1	29	1
2538	2	2	1	4	29	1
2539	2	2	1	4	29	1
2540	2	2	1	4	29	1
2541	2	2	1	4	29	1
2542	2	2	1	4	29	1
2543	2	2	1	4	29	1
2544	2	2	1	4	29	1
2545	2	2	1	4	29	1
2546	2	2	1	4	29	1
2547	2	2	1	4	29	1
2548	2	2	1	4	29	1
2549	2	2	1	4	29	1
2550	2	2	1	4	29	1
2551	2	2	1	4	29	1
2552	2	2	1	4	29	1
2553	2	2	1	4	29	1
2554	2	2	1	4	29	1
2555	2	2	1	4	29	1
2556	2	2	1	4	29	1
2557	2	2	1	4	29	1
2558	1	2	1	2	29	1
2559	2	2	1	4	29	1
2560	2	2	1	4	29	1
2561	2	2	1	4	29	1
2562	2	2	1	4	29	1
2563	2	2	1	2	26	1
2564	2	1	1	2	29	1
2565	2	2	1	4	29	1
2566	2	2	1	4	29	1
2567	2	2	1	4	29	1
2568	2	2	1	4	29	1
2569	2	2	1	4	29	1
2570	2	2	1	4	29	1
2571	1	2	1	4	29	1
2572	2	2	1	4	29	1
2573	2	2	1	4	29	1
2574	2	2	1	4	29	1
2575	2	2	1	4	29	1
2576	2	2	1	4	29	1
2577	2	2	1	4	29	1
2578	2	2	1	4	29	1
2579	2	2	1	4	29	1
2580	2	2	1	4	29	1
2581	2	2	1	4	29	1
2582	2	2	1	4	29	1
2583	2	2	1	4	29	1
2584	2	2	1	4	29	1
2585	2	2	1	4	29	1
2586	2	2	1	4	29	1
2587	2	2	1	4	29	1
2588	2	2	1	4	29	1
2589	2	2	1	4	29	1
2590	2	2	1	4	29	1
2591	2	2	1	4	29	1
2592	2	2	1	4	29	1
2593	2	2	1	4	29	1
2594	2	2	1	4	29	1
2595	2	2	1	4	29	1
2596	2	2	1	4	29	1
2597	2	2	1	4	29	1
2598	3	2	1	2	29	1
2599	3	2	1	4	29	1
2600	3	2	1	4	6	2
2601	2	2	1	1	6	2
2602	2	1	4	4	6	1
2603	2	1	2	2	17	2
2604	2	1	2	2	17	2
2605	2	1	2	2	17	2
2606	2	1	2	2	17	2
2607	2	1	2	2	17	2
2608	2	1	2	2	17	2
2609	2	1	2	2	17	2
2610	2	1	3	2	17	2
2611	2	2	1	2	29	1
2612	4	2	4	2	6	4
2613	4	2	4	4	19	3
2614	3	1	1	2	29	1
2615	3	2	1	2	29	1
2616	2	1	1	2	16	2
2617	2	1	1	2	29	1
2618	4	1	1	4	29	1
2619	4	1	1	4	29	1
2620	4	1	1	4	29	1
2621	4	1	1	4	29	1
2622	2	1	1	2	26	2
2623	1	2	1	4	29	1
2624	4	1	1	4	29	1
2625	4	1	1	4	29	1
2626	3	1	1	2	29	1
2627	4	1	1	4	29	1
2628	2	1	1	2	26	2
2629	4	1	1	4	29	1
2630	1	2	1	4	29	1
2631	4	1	1	4	29	1
2632	4	1	1	4	29	1
2633	4	1	1	4	29	1
2634	4	1	1	4	29	1
2635	4	1	1	4	29	1
2636	3	2	1	4	29	1
2637	4	1	1	4	29	1
2638	4	1	1	4	29	1
2639	2	2	1	4	29	1
2640	2	2	1	4	29	1
2641	2	2	1	4	29	1
2642	2	2	4	2	6	3
2643	2	1	1	2	29	1
2644	3	2	1	2	26	2
2645	3	2	1	4	29	1
2646	3	2	1	4	29	1
2647	2	2	1	4	29	1
2648	3	2	1	4	29	1
2649	3	2	1	4	29	1
2650	2	2	1	4	29	1
2651	2	2	1	4	29	1
2652	3	2	1	4	29	1
2653	2	2	1	4	6	2
2654	3	2	1	4	29	1
2655	2	2	1	4	29	1
2656	2	2	1	4	29	1
2657	3	2	1	4	29	1
2658	2	2	1	4	29	1
2659	2	2	1	4	6	2
2660	3	2	1	4	29	1
2661	3	2	1	4	29	1
2662	3	2	1	4	29	1
2663	2	1	1	4	29	1
2664	3	1	1	4	29	1
2665	2	2	1	4	29	1
2666	3	1	1	4	29	1
2667	3	1	1	4	29	1
2668	3	1	1	4	29	1
2669	3	1	1	4	29	1
2670	3	1	1	4	29	1
2671	3	1	1	4	29	1
2672	3	1	1	4	29	1
2673	3	1	1	4	29	1
2674	3	1	1	4	29	1
2675	3	1	1	4	29	1
2676	3	1	1	4	29	1
2677	3	1	1	4	29	1
2678	3	1	1	4	29	1
2679	4	2	1	4	29	1
2680	4	2	1	4	29	1
2681	4	2	1	4	29	1
2682	1	2	1	4	29	1
2683	4	2	1	4	29	1
2684	4	2	1	4	29	1
2685	4	2	1	4	29	1
2686	4	2	1	4	29	1
2687	4	2	1	4	29	1
2688	4	2	1	4	29	1
2689	4	2	1	4	29	1
2690	4	2	1	4	29	1
2691	3	2	1	4	29	1
2692	3	2	1	4	29	1
2693	4	2	1	4	29	1
2694	4	2	1	4	29	1
2695	4	2	1	4	29	1
2696	4	2	1	4	29	1
2697	4	2	1	4	29	1
2698	1	2	1	4	29	1
2699	4	2	1	4	29	1
2700	3	2	1	4	29	1
2701	4	2	1	4	29	1
2702	4	2	1	4	29	1
2703	4	2	1	4	29	1
2704	1	2	1	4	29	1
2705	4	2	1	4	29	1
2706	2	2	1	2	26	2
2707	4	2	1	4	29	1
2708	4	2	1	4	29	1
2709	4	2	1	4	29	1
2710	4	2	1	4	29	1
2711	4	2	1	4	29	1
2712	4	2	1	4	29	1
2713	4	2	1	4	29	1
2714	4	2	1	4	29	1
2715	4	2	1	4	29	1
2716	2	2	1	4	29	1
2717	2	2	1	4	29	1
2718	2	2	1	4	29	1
2719	2	1	1	2	29	1
2720	3	2	1	2	29	1
2721	2	2	1	1	29	1
2722	2	1	1	4	29	1
2723	2	1	1	4	29	1
2724	2	2	1	4	29	1
2725	2	2	1	4	29	1
2726	2	2	1	4	29	1
2727	2	2	1	4	6	1
2728	3	1	1	4	29	1
2729	2	2	1	4	29	1
2730	2	2	1	4	29	1
2731	1	2	1	4	29	1
2732	2	2	1	4	29	1
2733	2	2	1	4	29	1
2734	2	2	1	4	29	1
2735	1	2	1	4	29	1
2736	2	2	1	4	29	1
2737	2	2	1	4	29	1
2738	2	2	1	2	26	2
2739	2	2	1	4	29	1
2740	2	2	1	4	29	1
2741	2	2	1	4	29	1
2742	2	2	1	4	29	1
2743	2	2	1	4	29	1
2744	2	2	4	2	19	5
2745	3	3	1	2	29	1
2746	3	3	1	2	29	1
2747	3	3	1	2	29	1
2748	3	3	1	2	29	1
2749	3	3	1	2	29	1
2750	3	3	1	2	29	1
2751	3	3	1	2	29	1
2752	3	3	1	2	29	1
2753	3	3	1	2	29	1
2754	3	3	1	2	29	1
2755	3	3	1	2	29	1
2756	3	3	1	2	29	1
2757	3	3	1	2	29	1
2758	2	2	1	2	29	1
2759	2	2	1	2	29	1
2760	2	2	1	2	29	1
2761	2	2	1	2	29	1
2762	2	2	1	4	6	1
2763	2	2	1	4	6	2
2764	2	2	1	4	6	2
2765	2	2	1	4	6	2
2766	2	2	1	4	6	2
2767	2	2	1	4	6	2
2768	2	2	1	4	6	2
2769	2	2	1	4	6	2
2770	2	2	1	4	6	2
2771	2	2	1	4	6	2
2772	2	2	1	4	6	2
2773	2	2	1	4	6	2
2774	2	2	1	4	6	2
2775	2	1	1	2	6	2
2776	2	2	1	4	6	2
2777	2	2	1	4	6	2
2778	2	2	1	4	6	2
2779	2	2	1	4	6	2
2780	2	2	1	4	6	2
2781	2	2	1	4	6	2
2782	2	2	1	4	6	2
2783	2	2	1	4	6	2
2784	2	2	1	4	6	2
2785	2	2	1	4	6	2
2786	2	2	1	4	6	2
2787	2	2	1	4	6	2
2788	2	2	1	4	6	2
2789	2	2	1	4	6	2
2790	2	2	1	4	6	2
2791	2	2	1	4	6	2
2792	2	2	1	4	6	2
2793	1	2	1	4	6	2
2794	2	1	1	2	6	2
2795	2	1	1	2	6	2
2796	2	2	1	4	6	2
2797	2	2	1	4	6	2
2798	2	2	1	4	6	2
2799	2	2	1	4	6	2
2800	2	2	1	4	6	2
2801	2	2	1	4	6	2
2802	2	2	1	4	6	2
2803	2	2	1	2	29	1
2804	2	2	1	2	6	2
2805	2	2	1	2	6	2
2806	2	2	1	2	6	2
2807	2	2	1	4	6	2
2808	2	2	1	4	6	2
2809	2	2	1	4	6	2
2810	2	2	1	2	6	2
2811	2	2	1	4	6	2
2812	2	2	1	4	6	2
2813	2	2	1	4	6	2
2814	2	2	1	4	6	2
2815	2	2	1	4	6	2
2816	2	2	1	4	6	2
2817	2	2	1	4	6	2
2818	2	2	1	4	6	2
2819	2	2	1	4	6	2
2820	2	2	1	4	6	2
2821	1	2	1	4	29	1
2822	2	2	1	4	6	2
2823	2	2	1	4	6	2
2824	2	2	1	4	6	2
2825	2	2	1	4	6	2
2826	1	2	1	4	29	1
2827	2	1	1	4	29	1
2828	2	1	1	4	29	1
2829	3	2	1	2	29	1
2830	3	2	1	2	29	1
2831	1	2	1	2	29	1
2832	4	1	1	2	6	2
2833	4	1	1	2	6	2
2834	1	2	1	2	29	1
2835	1	2	1	4	29	1
2836	2	2	1	2	29	1
2837	2	2	1	2	29	1
2838	1	2	1	4	29	1
2839	1	2	1	2	29	1
2840	4	1	1	2	6	2
2841	2	1	1	2	26	2
2842	1	2	1	4	29	1
2843	1	2	1	2	29	1
2844	1	2	1	2	29	1
2845	2	2	1	2	29	1
2846	4	1	1	2	6	2
2847	4	1	1	2	6	2
2848	2	2	1	2	29	1
2849	2	2	1	4	29	1
2850	4	1	1	2	6	2
2851	4	1	1	2	6	2
2852	4	1	1	2	6	2
2853	2	2	1	2	29	1
2854	2	2	1	2	29	1
2855	2	3	1	4	29	1
2856	2	3	1	4	29	1
2857	1	2	1	4	29	1
2858	2	2	1	2	17	2
2859	2	2	1	2	17	2
2860	2	2	1	2	17	2
2861	2	2	1	1	6	2
2862	2	2	1	1	6	2
2863	4	2	1	2	29	1
2864	2	2	1	4	29	1
2865	2	2	1	4	29	1
2866	2	2	1	4	29	1
2867	2	2	1	2	29	1
2868	4	2	1	2	29	1
2869	3	2	1	4	29	1
2870	3	2	1	4	29	1
2871	3	2	1	4	29	1
2872	3	2	1	4	29	1
2873	2	2	1	4	29	1
2874	2	2	1	4	29	1
2875	2	2	1	4	29	1
2876	2	2	1	4	29	1
2877	2	2	1	4	29	1
2878	2	2	1	4	29	1
2879	2	2	1	4	29	1
2880	2	2	1	4	29	1
2881	2	2	1	4	29	1
2882	2	2	1	4	29	1
2883	2	2	1	4	29	1
2884	2	2	1	4	29	1
2885	2	2	1	4	29	1
2886	2	2	1	4	29	1
2887	2	2	1	4	29	1
2888	2	2	1	4	29	1
2889	2	2	1	4	29	1
2890	2	2	1	4	29	1
2891	2	2	1	4	29	1
2892	2	2	1	4	29	1
2893	2	2	1	4	29	1
2894	2	2	1	4	29	1
2895	2	2	1	4	29	1
2896	2	2	1	4	29	1
2897	2	2	1	4	29	1
2898	2	2	1	4	29	1
2899	2	2	1	4	29	1
2900	2	2	1	4	29	1
2901	2	2	1	4	29	1
2902	2	2	1	4	29	1
2903	2	2	1	4	29	1
2904	2	2	1	4	29	1
2905	2	2	1	4	29	1
2906	2	2	1	4	29	1
2907	2	2	1	4	29	1
2908	2	2	1	4	29	1
2909	2	2	1	4	29	1
2910	2	2	1	4	29	1
2911	2	2	1	4	29	1
2912	2	2	1	4	29	1
2913	2	2	1	4	29	1
2914	2	2	1	4	29	1
2915	2	2	1	4	29	1
2916	2	2	1	4	29	1
2917	2	2	1	4	29	1
2918	2	2	1	4	29	1
2919	2	2	1	4	29	1
2920	2	2	1	4	29	1
2921	2	2	1	4	29	1
2922	2	2	1	4	29	1
2923	2	2	1	4	29	1
2924	2	2	1	4	29	1
2925	2	2	1	4	29	1
2926	2	2	1	4	29	1
2927	1	2	1	4	29	1
2928	2	1	1	4	29	1
2929	2	1	1	4	29	1
2930	2	1	1	4	29	1
2931	1	2	1	4	29	1
2932	2	1	1	4	29	1
2933	2	1	1	4	29	1
2934	2	1	1	4	29	1
2935	1	2	1	4	29	1
2936	2	1	1	4	29	1
2937	2	1	1	4	29	1
2938	2	1	1	4	29	1
2939	2	1	1	4	29	1
2940	2	1	1	4	29	1
2941	2	2	1	1	6	1
2942	2	1	1	4	29	1
2943	2	2	1	2	26	2
2944	2	2	1	4	29	1
2945	2	2	1	4	29	1
2946	2	2	1	4	29	1
2947	2	2	1	4	29	1
2948	2	2	1	4	29	1
2949	2	2	1	4	29	1
2950	2	2	1	4	29	1
2951	2	2	1	4	29	1
2952	2	2	1	4	29	1
2953	2	2	1	4	29	1
2954	2	2	1	4	29	1
2955	2	2	1	4	29	1
2956	2	2	1	4	29	1
2957	2	2	1	4	29	1
2958	2	2	1	4	29	1
2959	2	2	1	4	29	1
2960	2	2	1	4	29	1
2961	2	2	1	4	29	1
2962	2	2	1	4	29	1
2963	2	2	1	4	29	1
2964	3	2	1	4	29	1
2965	2	2	1	4	29	1
2966	2	2	1	4	29	1
2967	2	1	1	2	29	1
2968	2	1	1	2	29	1
2969	2	4	1	2	29	1
2970	2	2	4	4	6	5
2971	3	2	1	1	29	1
2972	3	2	1	4	29	1
2973	3	2	1	4	29	1
2974	3	2	1	4	29	1
2975	2	2	1	2	6	1
2976	2	2	1	2	6	1
2977	2	2	1	4	29	1
2978	2	2	1	4	29	1
2979	2	2	1	4	29	1
2980	2	2	1	4	29	1
2981	2	1	1	2	26	2
2982	2	1	1	2	26	2
2983	2	1	1	2	26	2
2984	2	2	1	2	26	2
2985	1	2	1	2	26	2
2986	2	1	1	2	26	2
2987	2	1	1	2	26	2
2988	2	2	1	2	26	2
2989	2	1	1	2	26	2
2990	2	1	1	2	26	2
2991	2	1	1	2	26	2
2992	2	1	1	2	26	2
2993	2	1	1	2	26	2
2994	2	1	1	2	26	2
2995	2	1	1	2	26	2
2996	2	1	1	2	26	2
2997	2	1	1	2	26	2
2998	2	1	1	2	29	1
2999	2	2	4	2	26	5
3000	2	2	4	2	26	5
3001	2	1	1	1	29	1
3002	3	2	1	4	29	1
3003	1	2	1	4	29	1
3004	1	2	1	4	29	1
3005	1	2	1	4	29	1
3006	1	2	1	4	29	1
3007	1	2	1	4	29	1
3008	1	2	1	4	29	1
3009	1	2	1	4	29	1
3010	1	2	1	4	29	1
3011	1	2	1	4	29	1
3012	1	2	1	4	29	1
3013	1	2	1	4	29	1
3014	1	2	1	4	29	1
3015	1	2	1	4	29	1
3016	1	2	1	4	29	1
3017	1	2	1	4	29	1
3018	1	2	1	4	29	1
3019	1	2	1	4	29	1
3020	1	2	1	4	29	1
3021	1	2	1	4	29	1
3022	1	2	1	4	29	1
3023	1	2	1	4	29	1
3024	1	2	1	4	29	1
3025	1	2	1	4	29	1
3026	1	2	1	4	29	1
3027	1	2	1	4	29	1
3028	1	2	1	4	29	1
3029	1	2	1	4	29	1
3030	1	2	1	4	29	1
3031	1	2	1	4	29	1
3032	1	2	1	4	29	1
3033	1	2	1	4	29	1
3034	1	2	1	4	29	1
3035	1	2	1	4	29	1
3036	1	2	1	4	29	1
3037	1	2	1	4	29	1
3038	1	2	1	4	29	1
3039	1	2	1	4	29	1
3040	1	2	1	4	29	1
3041	1	2	1	4	29	1
3042	1	2	1	4	29	1
3043	1	2	1	4	29	1
3044	1	2	1	4	29	1
3045	1	2	1	4	29	1
3046	1	2	1	4	29	1
3047	1	2	1	4	29	1
3048	1	2	1	4	29	1
3049	1	2	1	4	29	1
3050	1	2	1	4	29	1
3051	1	2	1	4	29	1
3052	1	2	1	4	29	1
3053	1	2	1	4	29	1
3054	1	2	1	4	29	1
3055	1	2	1	4	29	1
3056	1	2	1	4	29	1
3057	1	1	1	2	6	1
3058	1	2	1	4	29	1
3059	1	2	1	4	29	1
3060	1	2	1	4	29	1
3061	1	2	1	4	29	1
3062	1	2	1	4	29	1
3063	1	2	1	4	29	1
3064	1	2	1	4	29	1
3065	1	2	1	4	29	1
3066	1	2	1	4	29	1
3067	1	2	1	4	29	1
3068	1	2	1	4	29	1
3069	1	2	1	4	29	1
3070	1	2	1	4	29	1
3071	1	2	1	4	29	1
3072	1	2	1	4	29	1
3073	1	2	1	4	29	1
3074	1	2	1	4	29	1
3075	1	2	1	4	29	1
3076	1	2	1	4	29	1
3077	1	2	1	4	29	1
3078	1	2	1	4	29	1
3079	1	2	1	4	29	1
3080	1	2	1	4	29	1
3081	1	2	1	4	29	1
3082	1	2	1	4	29	1
3083	1	2	1	4	29	1
3084	1	2	1	4	29	1
3085	1	2	1	4	29	1
3086	1	2	1	4	29	1
3087	1	2	1	4	29	1
3088	1	2	1	4	29	1
3089	1	2	1	4	29	1
3090	1	2	1	4	29	1
3091	1	2	1	4	29	1
3092	1	2	1	4	29	1
3093	1	2	1	4	29	1
3094	1	2	1	4	29	1
3095	1	2	1	1	29	1
3096	1	2	1	4	29	1
3097	1	2	1	4	29	1
3098	1	2	1	4	29	1
3099	1	2	1	4	29	1
3100	1	2	1	4	29	1
3101	1	2	1	4	29	1
3102	1	2	1	4	29	1
3103	1	2	1	4	29	1
3104	1	2	1	4	29	1
3105	1	2	1	4	29	1
3106	1	2	1	4	29	1
3107	1	2	1	4	29	1
3108	1	2	1	4	29	1
3109	1	2	1	4	29	1
3110	1	2	1	4	29	1
3111	1	2	1	4	29	1
3112	1	2	1	4	29	1
3113	1	2	1	4	29	1
3114	1	2	1	4	29	1
3115	1	2	1	4	29	1
3116	1	2	1	4	29	1
3117	1	2	1	4	29	1
3118	1	2	1	4	29	1
3119	1	2	1	4	29	1
3120	1	2	1	4	29	1
3121	1	2	1	4	29	1
3122	1	2	1	4	29	1
3123	1	2	1	4	29	1
3124	1	2	1	4	29	1
3125	1	2	1	4	29	1
3126	1	2	1	4	29	1
3127	1	2	1	4	29	1
3128	1	2	1	4	29	1
3129	1	2	1	4	29	1
3130	1	2	1	4	29	1
3131	1	2	1	4	29	1
3132	1	2	1	4	29	1
3133	1	2	1	4	29	1
3134	1	2	1	4	29	1
3135	1	2	1	4	29	1
3136	1	2	1	4	29	1
3137	1	2	1	4	29	1
3138	1	2	1	4	29	1
3139	1	2	1	4	29	1
3140	1	2	1	4	29	1
3141	1	2	1	4	29	1
3142	1	2	1	4	29	1
3143	1	2	1	4	29	1
3144	1	2	1	4	29	1
3145	1	2	1	4	29	1
3146	1	2	1	4	29	1
3147	1	2	1	4	29	1
3148	1	2	1	4	29	1
3149	1	2	1	4	29	1
3150	1	2	1	4	29	1
3151	1	2	1	4	29	1
3152	1	2	1	4	29	1
3153	1	2	1	4	29	1
3154	1	2	1	4	29	1
3155	1	2	1	4	29	1
3156	1	2	1	4	29	1
3157	1	2	1	4	29	1
3158	1	2	1	4	29	1
3159	1	2	1	4	29	1
3160	1	2	1	4	29	1
3161	1	2	1	4	29	1
3162	1	2	1	4	29	1
3163	1	2	1	4	29	1
3164	1	2	1	4	29	1
3165	1	2	1	4	29	1
3166	1	2	1	4	29	1
3167	1	2	1	4	29	1
3168	1	2	1	4	29	1
3169	1	2	1	4	29	1
3170	1	2	1	4	29	1
3171	1	2	1	4	29	1
3172	1	2	1	4	29	1
3173	1	2	1	4	29	1
3174	1	2	1	4	29	1
3175	1	2	1	4	29	1
3176	1	2	1	4	29	1
3177	1	2	1	4	29	1
3178	1	2	1	4	29	1
3179	1	2	1	4	29	1
3180	1	2	1	4	29	1
3181	1	2	1	4	29	1
3182	1	2	1	4	29	1
3183	1	2	1	4	29	1
3184	1	2	1	4	29	1
3185	1	2	1	4	29	1
3186	1	2	1	4	29	1
3187	1	2	1	4	29	1
3188	1	2	1	4	29	1
3189	1	2	1	4	29	1
3190	1	2	1	4	29	1
3191	1	2	1	4	29	1
3192	1	2	1	4	29	1
3193	1	2	1	4	29	1
3194	1	2	1	4	29	1
3195	1	2	1	4	29	1
3196	1	2	1	4	29	1
3197	1	2	1	4	29	1
3198	1	2	1	4	29	1
3199	1	2	1	4	29	1
3200	1	2	1	4	29	1
3201	1	2	1	4	29	1
3202	1	2	1	4	29	1
3203	1	2	1	4	29	1
3204	1	2	1	4	29	1
3205	1	2	1	4	29	1
3206	1	2	1	4	29	1
3207	1	2	1	4	29	1
3208	1	2	1	4	29	1
3209	1	2	1	4	29	1
3210	1	2	1	4	29	1
3211	1	2	1	4	29	1
3212	1	2	1	4	29	1
3213	1	2	1	4	29	1
3214	1	2	1	4	29	1
3215	1	2	1	4	29	1
3216	1	2	1	4	29	1
3217	1	2	1	4	29	1
3218	1	2	1	4	29	1
3219	1	2	1	4	29	1
3220	1	2	1	4	29	1
3221	1	2	1	4	29	1
3222	1	2	1	4	29	1
3223	1	2	1	4	29	1
3224	1	2	1	4	29	1
3225	1	2	1	4	29	1
3226	1	2	1	4	29	1
3227	1	2	1	4	29	1
3228	1	2	1	4	29	1
3229	1	2	1	4	29	1
3230	1	2	1	4	29	1
3231	1	2	1	4	29	1
3232	1	2	1	4	29	1
3233	1	2	1	4	29	1
3234	1	2	1	4	29	1
3235	1	2	1	4	29	1
3236	1	2	1	4	29	1
3237	1	2	1	4	29	1
3238	1	2	1	4	29	1
3239	1	2	1	4	29	1
3240	1	2	1	4	29	1
3241	1	2	1	4	29	1
3242	1	2	1	4	29	1
3243	1	2	1	4	29	1
3244	1	2	1	4	29	1
3245	1	2	1	4	29	1
3246	1	2	1	4	29	1
3247	1	2	1	4	29	1
3248	1	2	1	4	29	1
3249	1	2	1	4	29	1
3250	1	2	1	4	29	1
3251	1	2	1	4	29	1
3252	1	2	1	4	29	1
3253	1	2	1	4	29	1
3254	1	1	1	2	6	1
3255	1	2	1	4	29	1
3256	1	2	1	4	29	1
3257	1	2	1	4	29	1
3258	1	2	1	4	29	1
3259	2	2	1	4	29	1
3260	1	2	1	4	29	1
3261	1	2	1	4	29	1
3262	1	2	1	4	29	1
3263	1	2	1	4	29	1
3264	1	2	1	4	29	1
3265	1	2	1	4	29	1
3266	1	2	1	4	29	1
3267	1	2	1	4	29	1
3268	1	2	1	4	29	1
3269	1	2	1	4	29	1
3270	1	2	1	4	29	1
3271	1	2	1	4	29	1
3272	1	2	1	4	29	1
3273	1	2	1	4	29	1
3274	1	2	1	4	29	1
3275	1	2	1	4	29	1
3276	1	2	1	4	29	1
3277	1	2	1	4	29	1
3278	1	2	1	4	29	1
3279	1	2	1	4	29	1
3280	1	2	1	4	29	1
3281	1	2	1	4	29	1
3282	1	2	1	4	29	1
3283	1	2	1	4	29	1
3284	1	2	1	4	29	1
3285	1	2	1	4	29	1
3286	1	2	1	4	29	1
3287	1	2	1	4	29	1
3288	1	2	1	4	29	1
3289	1	2	1	4	29	1
3290	1	2	1	4	29	1
3291	1	2	1	4	29	1
3292	1	2	1	4	29	1
3293	1	2	1	4	29	1
3294	1	2	1	4	29	1
3295	1	2	1	4	29	1
3296	1	2	1	4	29	1
3297	1	2	1	4	29	1
3298	1	2	1	4	29	1
3299	1	2	1	4	29	1
3300	1	2	1	4	29	1
3301	1	2	1	4	29	1
3302	1	2	1	4	29	1
3303	2	3	1	2	29	1
3304	2	3	1	2	29	1
3305	2	3	1	2	29	1
3306	2	3	1	2	29	1
3307	2	3	1	2	29	1
3308	2	3	1	2	29	1
3309	2	2	1	1	29	1
3310	2	2	1	1	29	1
3311	4	2	1	1	29	1
3312	4	2	1	1	29	1
3313	4	2	1	1	29	1
3314	4	2	1	1	29	1
3315	4	2	1	1	29	1
3316	4	2	1	1	29	1
3317	4	2	1	1	29	1
3318	4	2	1	1	29	1
3319	3	2	1	2	29	1
3320	2	1	1	4	29	1
3321	2	2	1	2	29	1
3322	2	2	1	1	29	1
3323	3	3	1	4	29	1
3324	3	1	1	2	29	1
3325	3	2	1	4	29	1
3326	3	2	1	4	29	1
3327	4	1	1	2	6	2
3328	2	2	1	4	29	1
3329	2	2	1	4	29	1
3330	2	1	1	2	29	1
3331	2	1	1	2	29	1
3332	3	4	1	2	29	1
3333	2	2	1	2	26	2
3334	3	2	3	2	26	2
3335	2	2	1	2	29	1
3336	2	2	1	1	6	2
3337	2	2	1	4	6	2
3338	2	2	1	4	6	2
3339	2	2	1	4	6	2
3340	2	2	1	4	6	2
3341	2	2	4	1	26	3
3342	2	2	1	2	29	1
3343	2	2	1	4	29	1
3344	2	2	1	4	29	1
3345	2	2	1	4	29	1
3346	2	2	1	4	29	1
3347	2	2	1	4	29	1
3348	3	2	1	2	29	1
3349	3	2	1	2	29	1
3350	2	2	1	4	29	1
3351	3	3	1	4	29	1
3352	3	2	1	1	29	1
3353	3	2	1	1	29	1
3354	3	2	1	2	26	2
3355	3	2	1	2	26	2
3356	2	2	1	2	29	2
3357	2	1	1	1	29	1
3358	2	1	1	2	6	2
3359	4	3	1	1	29	1
3360	2	2	1	2	29	1
3361	2	2	1	1	29	1
3362	2	2	1	1	29	1
3363	2	2	1	1	29	1
3364	2	1	1	2	29	1
3365	2	1	1	2	29	1
3366	2	1	1	2	29	1
3367	2	2	1	2	29	1
3368	4	2	1	2	29	1
3369	2	1	1	2	29	1
3370	4	2	1	2	29	1
3371	4	2	1	2	29	1
3372	3	2	1	2	29	1
3373	3	1	1	2	29	1
3374	3	2	1	1	6	1
3375	2	1	1	2	29	1
3376	3	2	1	2	29	1
3377	2	1	1	2	29	1
3378	2	1	1	2	6	1
3379	2	1	1	2	29	1
3380	2	1	1	2	29	1
3381	2	1	1	2	29	1
3382	3	2	1	2	29	1
3383	4	1	1	2	6	2
3384	4	1	1	2	6	2
3385	4	1	1	2	6	2
3386	4	1	1	2	6	2
3387	4	1	1	2	6	2
3388	4	1	1	2	6	2
3389	4	1	1	2	6	2
3390	4	1	1	2	6	2
3391	4	1	1	2	6	2
3392	4	1	1	2	6	2
3393	4	1	1	2	6	2
3394	4	1	1	2	6	2
3395	4	1	1	2	6	2
3396	4	1	1	2	6	2
3397	4	1	1	2	6	2
3398	4	1	1	2	6	2
3399	4	1	1	2	6	2
3400	4	1	1	2	6	2
3401	3	2	1	4	29	1
3402	2	2	1	4	29	1
3403	2	2	4	2	26	5
3404	2	1	1	2	29	1
3405	2	1	1	2	29	1
3406	2	1	1	2	29	1
3407	2	1	1	2	29	1
3408	2	1	1	2	29	1
3409	2	1	1	2	29	1
3410	2	1	1	2	29	1
3411	2	1	1	2	29	1
3412	2	1	1	2	29	1
3413	2	1	1	2	29	1
3414	2	1	1	2	29	1
3415	2	1	1	2	29	1
3416	2	1	1	2	29	1
3417	2	2	1	2	6	2
3418	2	1	1	2	29	1
3419	2	1	1	2	29	1
3420	2	1	1	2	29	1
3421	2	1	1	2	29	1
3422	2	1	1	2	29	1
3423	2	1	1	2	29	1
3424	2	1	1	2	29	1
3425	2	1	1	2	29	1
3426	2	1	1	2	29	1
3427	2	1	1	2	29	1
3428	2	1	1	2	29	1
3429	2	1	1	2	29	1
3430	2	1	1	1	29	1
3431	2	1	1	2	29	1
3432	2	1	1	2	29	1
3433	2	1	1	2	26	1
3434	2	2	4	4	26	5
3435	2	1	1	2	29	1
3436	2	2	4	4	26	5
3437	2	2	4	4	26	5
3438	2	2	4	4	26	5
3439	2	1	1	1	29	1
3440	3	4	1	2	29	1
3441	2	2	4	2	26	3
3442	2	2	1	4	29	1
3443	1	2	1	1	29	1
3444	2	2	1	1	29	1
3445	3	2	1	4	29	1
3446	1	2	4	1	26	5
3447	2	2	1	2	29	1
3448	2	2	1	2	29	1
3449	3	2	1	1	6	2
3450	2	2	1	1	6	1
3451	3	2	1	1	6	2
3452	2	1	1	2	29	1
3453	2	2	1	2	29	1
3454	3	2	1	2	2	2
3455	2	2	1	2	7	2
3456	2	2	1	2	29	1
3457	2	2	1	2	29	1
3458	2	2	1	2	29	1
3459	2	1	1	1	29	1
3460	1	2	1	2	29	1
3461	1	2	1	2	29	1
3462	1	4	1	2	29	1
3463	4	1	1	4	29	1
3464	4	1	1	4	29	1
3465	4	1	1	4	29	1
3466	3	2	4	4	6	5
3467	3	2	4	4	6	5
3468	3	2	4	4	6	5
3469	3	2	4	4	6	5
3470	3	2	4	4	6	5
3471	3	2	4	4	6	5
3472	3	2	4	4	6	5
3473	3	2	4	4	6	5
3474	3	2	4	4	6	5
3475	3	2	4	4	6	5
3476	3	2	4	4	6	5
3477	3	2	4	4	6	5
3478	3	2	4	4	6	5
3479	3	2	4	4	6	5
3480	3	2	4	4	6	5
3481	3	2	4	4	6	5
3482	3	2	4	4	6	5
3483	3	2	4	4	6	5
3484	3	2	4	4	6	5
3485	3	2	4	4	6	5
3486	3	2	4	4	6	5
3487	3	2	4	4	6	5
3488	3	2	4	4	6	5
3489	3	2	4	4	6	5
3490	3	2	4	4	6	5
3491	3	2	4	4	6	5
3492	3	2	4	4	6	5
3493	3	2	4	4	6	5
3494	2	1	1	2	29	1
3495	2	2	2	2	6	2
3496	2	2	2	2	6	2
3497	2	2	1	2	29	1
3498	3	2	4	1	26	5
3499	3	1	1	4	29	1
3500	2	2	1	2	29	1
3501	2	2	1	4	29	1
3502	2	1	1	4	29	1
3503	2	1	1	4	29	1
3504	2	1	1	4	29	1
3505	2	1	1	4	29	1
3506	2	1	1	4	29	1
3507	2	1	1	4	29	1
3508	2	1	1	4	29	1
3509	2	1	1	4	29	1
3510	2	1	1	4	29	1
3511	2	1	1	4	29	1
3512	2	1	1	4	29	1
3513	2	1	1	4	29	1
3514	2	1	1	4	29	1
3515	2	1	1	4	29	1
3516	2	1	1	4	29	1
3517	2	1	1	4	29	1
3518	2	1	1	4	29	1
3519	2	1	1	4	29	1
3520	2	1	1	4	29	1
3521	2	1	1	4	29	1
3522	2	1	1	4	29	1
3523	2	1	1	4	29	1
3524	2	1	1	4	29	1
3525	2	1	1	4	29	1
3526	2	1	1	4	29	1
3527	2	1	1	4	29	1
3528	2	1	1	4	29	1
3529	2	1	1	4	29	1
3530	2	1	1	4	29	1
3531	2	1	1	4	29	1
3532	2	1	1	4	29	1
3533	2	1	1	4	29	1
3534	2	1	1	4	29	1
3535	2	1	1	4	29	1
3536	2	1	1	4	29	1
3537	2	1	1	4	29	1
3538	2	1	1	4	29	1
3539	2	1	1	4	29	1
3540	2	1	1	4	29	1
3541	2	1	1	4	29	1
3542	2	1	1	4	29	1
3543	2	1	1	4	29	1
3544	2	1	1	4	29	1
3545	2	1	1	4	29	1
3546	2	1	1	4	29	1
3547	2	1	1	4	29	1
3548	2	1	1	4	29	1
3549	2	1	1	4	29	1
3550	2	1	1	4	29	1
3551	2	1	1	4	29	1
3552	2	1	1	4	29	1
3553	2	1	1	4	29	1
3554	2	1	1	4	29	1
3555	2	1	1	4	29	1
3556	2	1	1	4	29	1
3557	2	1	1	4	29	1
3558	2	1	1	4	29	1
3559	2	1	1	4	29	1
3560	2	1	1	4	29	1
3561	2	1	1	4	29	1
3562	2	1	1	4	29	1
3563	2	1	1	4	29	1
3564	2	1	1	4	29	1
3565	2	1	1	4	29	1
3566	2	1	1	4	29	1
3567	2	1	1	4	29	1
3568	2	1	1	4	29	1
3569	2	1	1	4	29	1
3570	2	1	1	4	29	1
3571	2	1	1	4	29	1
3572	2	1	1	4	29	1
3573	2	1	1	4	29	1
3574	2	1	1	4	29	1
3575	2	1	1	4	29	1
3576	2	1	1	4	29	1
3577	2	1	1	4	29	1
3578	2	1	1	4	29	1
3579	2	1	1	4	29	1
3580	2	1	1	4	29	1
3581	4	2	4	2	26	2
3582	2	2	1	2	29	1
3583	4	1	1	4	29	1
3584	4	1	1	4	29	1
3585	4	1	1	4	29	1
3586	4	1	1	4	29	1
3587	4	1	1	4	29	1
3588	3	2	1	4	29	1
3589	2	2	1	2	29	1
3590	2	2	1	2	29	1
3591	2	2	4	1	26	3
3592	2	2	4	1	26	3
3593	2	2	1	4	29	1
3594	2	2	1	4	29	1
3595	2	2	1	4	29	1
3596	2	3	1	1	29	1
3597	2	3	1	1	29	1
3598	2	1	1	1	26	1
3599	2	1	1	1	29	1
3600	2	1	1	1	29	1
3601	2	1	1	1	29	1
3602	2	2	1	2	29	1
3603	4	2	1	1	29	1
3604	4	2	1	1	29	1
3605	2	2	1	4	29	1
3606	2	1	1	1	29	1
3607	2	1	1	2	29	1
3608	2	1	1	2	29	1
3609	2	2	3	2	6	2
3610	2	2	3	2	6	2
3611	2	2	3	2	6	2
3612	2	2	3	2	6	2
3613	2	1	1	1	6	2
3614	4	2	1	4	29	1
3615	4	2	1	4	29	1
3616	4	2	1	4	29	1
3617	4	2	1	4	29	1
3618	4	2	1	4	29	1
3619	2	2	1	4	29	1
3620	4	4	1	4	29	1
3621	2	2	1	2	29	1
3622	2	2	1	2	29	1
3623	2	2	1	2	29	1
3624	3	2	1	2	29	1
3625	3	2	1	2	29	1
3626	3	2	1	2	29	1
3627	3	2	4	2	6	2
3628	3	2	4	2	6	2
3629	2	2	1	1	29	1
3630	3	1	1	2	6	2
3631	3	1	1	2	6	2
3632	1	1	1	4	29	1
3633	1	1	1	4	29	1
3634	2	2	1	1	29	1
3635	3	1	1	4	26	2
3636	3	1	1	4	26	2
3637	3	1	1	4	26	2
3638	2	2	3	2	6	2
3639	2	1	1	1	29	1
3640	2	1	2	4	26	2
3641	2	1	2	4	26	2
3642	2	1	2	4	26	2
3643	2	1	2	4	26	2
3644	2	1	2	4	26	2
3645	2	1	2	4	26	2
3646	2	1	2	4	26	2
3647	2	1	2	4	26	2
3648	2	1	2	4	26	2
3649	2	1	2	4	26	2
3650	2	1	2	4	26	2
3651	2	1	4	4	17	3
3652	2	1	4	4	17	3
3653	2	1	4	4	17	3
3654	2	1	4	4	17	3
3655	2	1	4	4	17	3
3656	2	1	4	4	17	3
3657	2	1	4	4	17	3
3658	2	1	4	4	17	3
3659	2	1	4	4	17	3
3660	2	1	4	4	17	3
3661	2	1	4	4	17	3
3662	2	1	4	4	17	3
3663	2	1	4	4	17	3
3664	2	1	4	4	17	3
3665	2	1	4	4	17	3
3666	2	1	4	4	17	3
3667	2	1	4	4	17	3
3668	2	1	4	4	17	3
3669	2	1	4	4	17	3
3670	2	1	4	4	17	3
3671	2	1	4	4	17	3
3672	2	1	4	4	17	3
3673	2	1	4	4	17	3
3674	2	1	4	4	17	3
3675	2	1	4	4	17	3
3676	2	1	4	4	17	3
3677	2	1	4	4	17	3
3678	2	1	4	4	17	3
3679	2	1	4	4	17	3
3680	2	1	4	4	17	3
3681	2	1	4	4	17	3
3682	2	1	4	4	17	3
3683	2	1	4	4	17	3
3684	2	1	4	4	17	3
3685	2	1	4	4	17	3
3686	2	1	4	4	17	3
3687	2	1	4	4	17	3
3688	2	1	4	4	17	3
3689	2	1	4	4	17	3
3690	2	1	4	4	17	3
3691	2	1	4	4	17	3
3692	2	1	4	4	17	3
3693	2	1	4	4	17	3
3694	2	1	4	4	17	3
3695	2	1	4	4	17	3
3696	2	1	4	4	17	3
3697	2	1	4	4	17	3
3698	2	1	4	4	17	3
3699	2	1	4	4	17	3
3700	2	1	4	4	17	3
3701	2	1	4	4	17	3
3702	2	1	4	4	17	3
3703	2	1	4	4	17	3
3704	2	1	4	4	17	3
3705	2	1	4	4	17	3
3706	2	1	4	4	17	3
3707	2	1	4	4	17	3
3708	2	1	4	4	17	3
3709	2	1	4	4	17	3
3710	2	1	4	4	17	3
3711	2	1	4	4	17	3
3712	2	1	4	4	17	3
3713	2	1	4	4	17	3
3714	2	1	4	4	17	3
3715	2	1	4	4	17	3
3716	2	1	4	4	17	3
3717	2	1	4	4	17	3
3718	2	1	4	4	17	3
3719	2	1	4	4	17	3
3720	2	1	4	4	17	3
3721	2	1	4	4	17	3
3722	2	1	4	4	17	3
3723	2	1	4	4	17	3
3724	2	1	4	4	17	3
3725	2	1	4	4	17	3
3726	2	1	4	4	17	3
3727	2	1	4	4	17	3
3728	2	1	4	4	17	3
3729	2	1	4	4	17	3
3730	2	1	4	4	17	3
3731	2	1	4	4	17	3
3732	2	1	4	4	17	3
3733	2	1	4	4	17	3
3734	2	1	4	4	17	3
3735	2	1	4	4	17	3
3736	2	1	4	4	17	3
3737	2	1	4	4	17	3
3738	2	1	4	4	17	3
3739	2	1	4	4	17	3
3740	2	1	4	4	17	3
3741	2	1	4	4	17	3
3742	2	1	4	4	17	3
3743	2	1	4	4	17	3
3744	2	1	4	4	17	3
3745	2	1	4	4	17	3
3746	2	1	4	4	17	3
3747	2	1	4	4	17	3
3748	2	1	4	4	17	3
3749	2	1	4	4	17	3
3750	2	1	4	4	17	3
3751	2	1	4	4	17	3
3752	2	1	4	4	17	3
3753	2	1	4	4	17	3
3754	2	1	4	4	17	3
3755	2	1	4	4	17	3
3756	2	1	4	4	17	3
3757	2	1	4	4	17	3
3758	2	1	4	4	17	3
3759	2	1	4	4	17	3
3760	2	1	4	4	17	3
3761	2	1	4	4	17	3
3762	2	1	4	4	17	3
3763	2	1	1	4	17	1
3764	2	1	4	4	17	3
3765	2	1	4	4	17	3
3766	2	1	4	4	17	3
3767	2	1	4	4	17	3
3768	2	1	4	4	17	3
3769	2	1	4	4	17	3
3770	2	1	4	4	17	3
3771	2	1	4	4	17	3
3772	2	1	4	4	17	3
3773	2	1	4	4	17	3
3774	2	1	4	4	17	3
3775	2	1	4	4	17	3
3776	2	1	4	4	17	3
3777	2	1	4	4	17	3
3778	2	1	4	4	17	3
3779	2	1	4	4	17	3
3780	2	1	4	4	17	3
3781	2	1	4	4	17	3
3782	2	1	4	4	17	3
3783	2	1	4	4	17	3
3784	2	1	4	4	17	3
3785	2	1	4	4	17	3
3786	2	1	4	4	17	3
3787	2	1	4	4	17	3
3788	2	1	4	4	17	3
3789	2	1	4	4	17	3
3790	2	1	4	4	17	3
3791	2	1	4	4	17	3
3792	2	1	4	4	17	3
3793	2	1	4	4	17	3
3794	2	1	4	4	17	3
3795	2	1	4	4	17	3
3796	2	1	4	4	17	3
3797	2	1	4	4	17	3
3798	2	1	4	4	17	3
3799	2	1	4	4	17	3
3800	2	1	4	4	17	3
3801	2	1	4	4	17	3
3802	2	1	4	4	17	3
3803	2	1	4	4	17	3
3804	2	1	4	4	17	3
3805	2	1	4	4	17	3
3806	2	1	4	4	17	3
3807	2	1	4	4	17	3
3808	2	1	4	4	17	3
3809	2	1	4	4	17	3
3810	2	1	4	4	17	3
3811	2	1	4	4	17	3
3812	2	1	4	4	17	3
3813	2	1	4	4	17	3
3814	2	1	4	4	17	3
3815	2	1	4	4	17	3
3816	2	1	4	4	17	3
3817	2	2	4	2	26	5
3818	3	2	4	4	26	3
3819	3	2	4	4	26	3
3820	3	2	4	4	26	3
3821	3	2	4	4	26	3
3822	3	2	4	4	26	3
3823	3	2	4	4	26	3
3824	3	2	4	4	26	3
3825	3	2	4	4	26	3
3826	3	2	4	4	26	3
3827	3	2	4	4	26	3
3828	3	2	4	4	26	3
3829	3	2	4	4	26	3
3830	3	2	4	4	26	3
3831	3	2	4	4	26	3
3832	3	2	4	4	26	3
3833	3	2	4	4	26	3
3834	3	2	4	4	26	3
3835	3	2	4	4	26	3
3836	3	2	4	4	26	3
3837	3	2	4	4	26	3
3838	3	2	4	4	26	3
3839	3	2	4	4	26	3
3840	3	3	4	4	26	3
3841	3	2	4	4	26	3
3842	3	2	4	4	26	3
3843	3	2	4	4	26	3
3844	3	2	1	4	29	1
3845	3	2	4	4	6	5
3846	3	2	4	4	6	5
3847	3	2	1	4	29	1
3848	3	2	1	4	29	1
3849	3	2	1	4	29	1
3850	3	2	1	4	29	1
3851	3	2	1	4	29	1
3852	3	2	1	4	29	1
3853	3	2	1	4	29	1
3854	3	2	1	4	29	1
3855	3	2	1	4	29	1
3856	3	2	1	4	29	1
3857	3	2	1	4	29	1
3858	3	2	1	4	29	1
3859	3	2	1	4	29	1
3860	3	2	1	4	29	1
3861	3	2	1	4	29	1
3862	3	2	1	4	29	1
3863	3	2	1	4	29	1
3864	3	2	1	4	29	1
3865	3	2	1	4	29	1
3866	3	2	1	4	29	1
3867	3	2	1	4	29	1
3868	3	2	1	4	29	1
3869	3	2	1	4	29	1
3870	3	2	1	4	29	1
3871	3	2	1	4	29	1
3872	3	2	1	4	29	1
3873	3	2	1	4	29	1
3874	3	2	1	4	29	1
3875	3	2	1	4	29	1
3876	3	2	1	4	29	1
3877	3	2	1	4	29	1
3878	3	2	1	4	29	1
3879	3	2	1	4	29	1
3880	3	2	1	4	29	1
3881	3	2	1	4	29	1
3882	3	2	1	4	29	1
3883	3	2	1	4	29	1
3884	3	2	1	4	29	1
3885	3	2	1	4	29	1
3886	3	2	1	4	29	1
3887	3	2	1	4	29	1
3888	3	2	1	4	29	1
3889	3	2	1	4	29	1
3890	2	1	1	1	29	1
3891	2	1	1	2	29	1
3892	4	1	1	2	29	1
3893	4	1	1	2	29	1
3894	4	1	1	2	29	1
3895	3	2	4	4	19	5
3896	3	2	4	4	19	5
3897	3	2	4	4	19	5
3898	3	2	4	4	19	5
3899	3	2	4	4	19	5
3900	2	2	1	4	29	1
3901	2	2	1	4	29	1
3902	2	2	1	4	29	1
3903	2	2	1	4	29	1
3904	2	2	1	4	29	1
3905	2	2	1	4	29	1
3906	2	2	1	4	29	1
3907	2	2	1	4	29	1
3908	2	2	1	4	29	1
3909	2	2	1	4	29	1
3910	2	1	1	2	29	1
3911	2	1	1	2	29	1
3912	4	2	1	2	6	2
3913	4	2	1	1	29	1
3914	4	2	1	1	29	1
3915	2	2	1	2	29	1
3916	2	2	1	2	29	1
3917	3	1	1	4	29	1
3918	3	1	1	4	29	1
3919	3	2	4	1	26	3
3920	2	2	1	2	29	1
3921	2	2	1	4	29	1
3922	2	2	1	4	29	1
3923	2	2	1	4	29	1
3924	2	2	1	4	29	1
3925	2	2	1	4	29	1
3926	2	2	1	4	29	1
3927	2	2	1	4	29	1
3928	2	2	1	4	29	1
3929	2	2	1	4	29	1
3930	2	2	1	4	29	1
3931	2	2	1	4	29	1
3932	2	2	1	4	29	1
3933	2	2	1	4	29	1
3934	2	2	1	4	29	1
3935	2	2	1	4	29	1
3936	2	2	1	4	29	1
3937	2	2	1	4	29	1
3938	2	2	1	4	29	1
3939	2	2	1	4	29	1
3940	2	2	1	4	29	1
3941	2	2	1	4	29	1
3942	2	2	1	4	29	1
3943	2	2	1	4	29	1
3944	2	2	1	4	29	1
3945	2	2	1	4	29	1
3946	2	2	1	4	29	1
3947	2	2	1	4	29	1
3948	2	2	1	4	29	1
3949	2	2	1	4	29	1
3950	2	2	1	4	29	1
3951	2	2	1	4	29	1
3952	2	2	1	4	29	1
3953	2	2	1	4	29	1
3954	2	2	1	4	29	1
3955	2	2	1	4	29	1
3956	2	2	1	4	29	1
3957	2	2	1	4	29	1
3958	2	2	1	4	29	1
3959	2	2	1	4	29	1
3960	2	2	1	4	29	1
3961	2	2	1	4	29	1
3962	2	2	1	4	29	1
3963	2	2	1	4	29	1
3964	2	2	1	4	29	1
3965	2	2	1	4	29	1
3966	2	2	1	4	29	1
3967	2	2	1	4	29	1
3968	2	2	1	4	29	1
3969	2	2	1	4	29	1
3970	2	2	1	4	29	1
3971	2	2	1	4	29	1
3972	2	2	1	4	29	1
3973	2	2	1	4	29	1
3974	2	2	1	4	29	1
3975	2	2	1	4	29	1
3976	2	2	1	4	29	1
3977	2	2	1	4	29	1
3978	2	2	1	4	29	1
3979	2	2	1	4	29	1
3980	2	2	1	4	29	1
3981	2	2	1	4	29	1
3982	2	2	1	4	29	1
3983	2	2	1	4	29	1
3984	2	2	1	4	29	1
3985	2	2	1	4	29	1
3986	2	2	1	4	29	1
3987	2	2	1	4	29	1
3988	2	2	1	4	29	1
3989	2	2	1	4	29	1
3990	2	2	1	4	29	1
3991	2	2	1	4	29	1
3992	2	2	1	4	29	1
3993	2	2	1	4	29	1
3994	2	2	1	4	29	1
3995	2	2	1	4	29	1
3996	2	2	1	4	29	1
3997	2	2	1	4	29	1
3998	2	2	1	4	29	1
3999	2	2	1	4	29	1
4000	2	2	1	4	29	1
4001	2	2	1	4	29	1
4002	2	2	1	4	29	1
4003	2	2	1	4	29	1
4004	2	2	1	4	29	1
4005	2	2	1	4	29	1
4006	2	2	1	4	29	1
4007	2	2	1	4	29	1
4008	2	2	1	4	29	1
4009	2	2	1	4	29	1
4010	2	2	1	4	29	1
4011	2	2	1	4	29	1
4012	2	2	1	4	29	1
4013	2	2	1	4	29	1
4014	2	2	1	4	29	1
4015	2	2	1	4	29	1
4016	2	2	1	4	29	1
4017	2	2	1	4	29	1
4018	2	2	1	4	29	1
4019	2	2	1	4	29	1
4020	2	2	1	4	29	1
4021	2	2	1	4	29	1
4022	2	2	1	4	29	1
4023	2	2	1	4	29	1
4024	2	2	1	4	29	1
4025	2	2	1	4	29	1
4026	2	2	1	4	29	1
4027	2	2	1	4	29	1
4028	2	2	1	4	29	1
4029	2	2	1	4	29	1
4030	2	2	1	4	29	1
4031	2	2	1	4	29	1
4032	2	2	1	4	29	1
4033	2	2	1	4	29	1
4034	2	2	1	4	29	1
4035	2	2	1	4	29	1
4036	2	2	1	4	29	1
4037	2	2	1	4	29	1
4038	2	2	1	4	29	1
4039	2	2	1	4	29	1
4040	2	2	1	4	29	1
4041	2	2	1	4	29	1
4042	2	2	1	4	29	1
4043	2	2	1	4	29	1
4044	2	2	1	4	29	1
4045	2	2	1	4	29	1
4046	2	2	1	4	29	1
4047	2	2	1	4	29	1
4048	2	2	1	4	29	1
4049	2	2	1	4	29	1
4050	2	2	1	4	29	1
4051	2	2	1	4	29	1
4052	2	2	1	4	29	1
4053	2	2	1	4	29	1
4054	2	2	1	4	29	1
4055	2	2	1	4	29	1
4056	2	2	1	4	29	1
4057	2	2	1	4	29	1
4058	2	2	1	4	29	1
4059	2	2	1	4	29	1
4060	2	2	1	4	29	1
4061	2	2	1	4	29	1
4062	2	2	1	4	29	1
4063	2	2	1	4	29	1
4064	2	2	1	4	29	1
4065	2	2	1	4	29	1
4066	2	2	1	4	29	1
4067	2	2	1	4	29	1
4068	2	2	1	4	29	1
4069	2	2	1	4	29	1
4070	2	2	1	4	29	1
4071	2	2	1	4	29	1
4072	2	2	1	4	29	1
4073	2	2	1	4	29	1
4074	2	2	1	4	29	1
4075	2	2	1	4	29	1
4076	2	2	1	4	29	1
4077	2	2	1	4	29	1
4078	2	2	1	4	29	1
4079	2	2	1	4	29	1
4080	2	2	1	4	29	1
4081	2	2	1	4	29	1
4082	2	2	1	4	29	1
4083	2	2	1	4	29	1
4084	2	2	1	4	29	1
4085	2	2	1	4	29	1
4086	2	2	1	4	29	1
4087	2	2	1	4	29	1
4088	2	2	1	4	29	1
4089	2	2	1	4	29	1
4090	2	2	1	4	29	1
4091	2	2	1	4	29	1
4092	2	2	1	4	29	1
4093	2	2	1	4	29	1
4094	2	2	1	4	29	1
4095	2	2	1	4	29	1
4096	2	2	1	4	29	1
4097	2	2	1	4	29	1
4098	2	2	1	4	29	1
4099	2	2	1	4	29	1
4100	2	2	1	4	29	1
4101	2	2	1	4	29	1
4102	2	2	1	4	29	1
4103	2	2	1	4	29	1
4104	2	2	1	4	29	1
4105	2	2	1	4	29	1
4106	2	2	1	4	29	1
4107	2	2	1	4	29	1
4108	2	2	1	4	29	1
4109	2	2	1	4	29	1
4110	2	2	1	4	29	1
4111	2	2	1	4	29	1
4112	2	2	1	4	29	1
4113	2	2	1	4	29	1
4114	2	2	1	4	29	1
4115	2	2	1	4	29	1
4116	2	2	1	4	29	1
4117	2	2	1	4	29	1
4118	2	2	1	4	29	1
4119	2	2	1	4	29	1
4120	2	2	1	4	29	1
4121	2	2	1	4	29	1
4122	2	2	1	4	29	1
4123	2	2	1	4	29	1
4124	2	2	1	4	29	1
4125	2	2	1	4	29	1
4126	2	2	1	4	29	1
4127	2	2	1	4	29	1
4128	2	2	1	4	29	1
4129	2	2	1	4	29	1
4130	2	2	1	4	29	1
4131	2	2	1	4	29	1
4132	2	2	1	4	29	1
4133	2	2	1	4	29	1
4134	2	2	1	4	29	1
4135	2	2	1	4	29	1
4136	2	2	1	4	29	1
4137	2	2	1	4	29	1
4138	2	2	1	4	29	1
4139	2	2	1	4	29	1
4140	2	2	1	4	29	1
4141	2	2	1	4	29	1
4142	2	2	1	4	29	1
4143	2	2	1	4	29	1
4144	2	2	1	4	29	1
4145	2	2	1	4	29	1
4146	2	2	1	4	29	1
4147	2	2	1	4	29	1
4148	2	2	1	4	29	1
4149	2	2	1	4	29	1
4150	2	2	1	4	29	1
4151	2	2	1	4	29	1
4152	2	2	1	4	29	1
4153	4	1	1	4	29	1
4154	2	2	1	2	26	2
4155	3	2	4	4	6	3
4156	3	2	4	4	6	3
4157	3	2	4	4	6	3
4158	3	2	4	4	6	3
4159	3	2	4	4	6	3
4160	3	2	4	4	6	3
4161	3	2	4	4	6	3
4162	2	2	3	4	6	2
4163	2	2	3	4	6	2
4164	2	2	3	4	6	2
4165	2	2	3	4	6	2
4166	2	2	3	4	6	2
4167	2	2	3	4	6	2
4168	2	2	3	4	6	2
4169	2	2	3	4	6	2
4170	2	2	3	4	6	2
4171	2	2	3	4	6	2
4172	2	2	3	4	6	2
4173	2	2	3	4	6	2
4174	2	2	3	4	6	2
4175	2	2	3	4	6	2
4176	2	2	3	4	6	2
4177	2	2	3	4	6	2
4178	2	2	3	4	6	2
4179	2	2	3	4	6	2
4180	2	2	3	4	6	2
4181	2	2	3	4	6	2
4182	2	2	3	4	6	2
4183	2	2	3	4	6	2
4184	2	2	3	4	6	2
4185	2	2	3	4	6	2
4186	2	2	3	4	6	2
4187	2	2	3	4	6	2
4188	2	2	3	4	6	2
4189	2	2	3	4	6	2
4190	2	2	3	4	6	2
4191	2	2	3	4	6	2
4192	2	2	3	4	6	2
4193	2	2	3	4	6	2
4194	2	2	3	4	6	2
4195	2	2	3	4	6	2
4196	2	2	3	4	6	2
4197	2	2	3	4	6	2
4198	2	2	3	4	6	2
4199	2	2	3	4	6	2
4200	2	2	3	4	6	2
4201	2	2	3	4	6	2
4202	2	2	3	4	6	2
4203	2	2	3	4	6	2
4204	2	2	3	4	6	2
4205	2	2	3	4	6	2
4206	2	2	3	4	6	2
4207	2	2	3	4	6	2
4208	2	2	3	4	6	2
4209	2	2	3	4	6	2
4210	2	2	3	4	6	2
4211	2	2	3	4	6	2
4212	2	2	3	4	6	2
4213	2	2	3	4	6	2
4214	2	2	1	4	6	2
4215	2	2	1	4	6	2
4216	2	2	1	2	29	1
4217	2	2	1	2	29	1
4218	4	3	1	1	29	1
4219	2	1	1	4	29	1
4220	2	2	1	4	29	1
4221	2	2	1	2	6	2
4222	2	3	1	2	6	2
4223	2	3	1	2	6	2
4224	2	3	1	2	6	2
4225	3	2	1	2	1	2
4226	2	1	1	1	29	1
4227	3	2	1	4	29	1
4228	2	2	4	4	26	4
4229	3	1	1	1	29	1
4230	2	2	4	2	17	5
4231	2	3	1	2	29	1
4232	2	3	1	2	29	1
4233	2	3	1	2	29	1
4234	2	3	1	2	29	1
4235	2	3	1	2	29	1
4236	2	3	1	2	29	1
4237	3	2	1	1	29	1
4238	2	2	1	1	29	1
4239	2	3	1	2	29	1
4240	2	3	1	2	29	1
4241	2	3	1	2	29	1
4242	2	3	1	2	29	1
4243	2	3	1	2	29	1
4244	2	3	1	2	29	1
4245	2	3	1	2	29	1
4246	2	3	1	2	29	1
4247	2	3	1	2	29	1
4248	2	3	1	2	29	1
4249	2	3	1	2	29	1
4250	3	2	1	1	29	1
4251	3	2	1	1	29	1
4252	3	2	1	1	29	1
4253	3	2	1	1	29	1
4254	2	2	1	1	29	1
4255	2	2	1	1	29	1
4256	2	2	1	1	29	1
