1	3	67
2	3	67
3	3	92
4	3	45
5	3	95
6	3	45
7	3	6
8	3	56
9	3	90
10	3	43
11	3	93
12	3	16
13	3	8
14	3	55
15	3	67
16	3	65
17	3	2
18	3	90
19	3	31
20	3	95
21	3	90
22	3	65
23	3	67
24	3	65
25	3	47
26	3	8
27	3	4
28	3	45
29	3	96
30	3	6
31	3	47
32	3	31
33	3	62
34	3	3
35	3	23
36	3	55
37	3	2
38	3	82
39	3	70
40	3	12
41	3	75
42	3	67
43	3	45
44	3	56
45	3	65
46	3	2
47	3	12
48	3	16
49	3	8
50	3	79
51	3	75
52	3	2
53	3	85
54	3	78
55	3	34
56	3	34
57	3	16
58	3	54
59	3	2
60	3	47
61	3	16
62	3	96
63	3	15
64	3	29
65	3	51
66	3	18
67	3	47
68	3	67
69	2	20
70	3	81
71	3	2
72	3	67
73	3	1
74	3	2
75	3	2
76	3	70
77	3	75
78	3	6
79	3	34
80	3	36
81	3	2
82	3	17
83	3	18
84	3	45
85	3	68
86	3	81
87	3	96
88	3	75
89	3	51
90	3	96
91	3	90
92	3	16
93	3	5
94	3	52
95	3	85
96	2	94
97	3	1
98	3	89
99	3	45
100	3	83
101	3	51
102	3	20
103	3	70
104	3	85
105	3	48
106	3	89
107	3	8
108	3	52
109	3	8
110	3	2
111	3	75
112	3	34
113	3	81
114	3	35
115	3	54
116	2	88
117	3	90
118	3	56
119	3	8
120	3	43
121	3	30
122	3	83
123	3	95
124	3	46
125	3	15
126	3	79
127	3	96
128	3	2
129	3	75
130	3	31
131	3	65
132	2	9
133	3	91
134	3	3
135	3	69
136	3	34
137	3	21
138	3	96
139	2	29
140	3	31
141	2	88
142	3	31
143	3	68
144	3	75
145	3	36
146	3	7
147	3	2
148	3	17
149	3	8
150	3	67
151	3	95
152	3	85
153	2	79
154	2	29
155	3	97
156	3	54
157	3	79
158	3	33
159	3	67
160	3	85
161	2	35
162	3	6
163	3	16
164	3	80
165	3	34
166	2	80
167	2	45
168	3	45
169	3	90
170	2	12
171	3	16
172	3	67
173	3	90
174	2	16
175	3	79
176	3	15
177	2	16
178	2	9
179	3	80
180	3	49
181	2	17
182	2	67
183	3	29
184	3	25
185	3	55
186	3	1
187	3	29
188	2	64
189	3	5
190	3	36
191	3	15
192	2	17
193	2	18
194	3	49
195	1	61
196	2	51
197	3	55
198	3	67
199	3	38
200	3	45
201	2	31
202	3	31
203	3	75
204	3	80
205	3	16
206	2	25
207	3	57
208	3	98
209	2	68
210	3	90
211	2	98
212	3	90
213	3	16
214	3	67
215	2	55
216	3	79
217	3	8
218	3	62
219	3	58
220	3	56
221	3	78
222	3	66
223	3	31
224	3	6
225	3	45
226	2	44
227	3	31
228	3	79
229	3	35
230	3	2
231	2	20
232	2	38
233	2	61
234	3	51
235	2	52
236	3	2
237	3	67
238	2	2
239	2	83
240	2	11
241	3	25
242	3	92
243	3	8
244	2	6
245	2	30
246	2	6
247	3	67
248	3	27
249	3	15
250	2	20
251	2	21
252	3	2
253	3	57
254	3	79
255	3	54
256	2	55
257	3	43
258	1	49
259	2	77
260	2	79
261	1	68
262	3	8
263	2	37
264	3	54
265	2	16
266	3	34
267	3	2
268	3	22
269	3	75
270	2	45
271	3	65
272	3	22
273	2	16
274	3	42
275	3	93
276	3	54
277	2	16
278	3	12
279	2	79
280	3	56
281	2	50
282	2	67
283	3	34
284	3	29
285	3	56
286	3	90
287	2	51
288	2	20
289	1	62
290	2	75
291	3	10
292	3	73
293	3	55
294	3	47
295	2	56
296	2	38
297	3	45
298	3	45
299	3	2
300	2	28
301	3	8
302	3	67
303	3	75
304	3	24
305	3	28
306	2	9
307	2	31
308	2	9
309	3	23
310	3	90
311	1	61
312	1	37
313	2	90
314	3	8
315	3	18
316	2	47
317	3	55
318	2	47
319	3	15
320	3	85
321	2	34
322	2	29
323	3	79
324	3	71
325	2	6
326	3	30
327	3	85
328	3	45
329	3	12
330	2	93
331	3	49
332	3	45
333	2	8
334	2	34
335	2	16
336	3	90
337	3	75
338	2	96
339	2	60
340	2	7
341	2	7
342	3	8
343	3	31
344	3	17
345	2	80
346	2	3
347	2	33
348	3	31
349	2	12
350	3	26
351	1	69
352	3	25
353	2	56
354	3	6
355	3	55
356	3	83
357	3	45
358	3	18
359	3	8
360	2	69
361	2	37
362	2	18
363	2	13
364	2	75
365	2	79
366	2	10
367	1	21
368	3	39
369	2	88
370	2	79
371	3	67
372	3	2
373	3	94
374	2	6
375	2	67
376	2	61
377	1	78
378	2	18
379	2	94
380	2	6
381	3	78
382	2	44
383	3	79
384	3	56
385	3	2
386	2	51
387	2	44
388	2	16
389	3	15
390	2	5
391	2	79
392	3	9
393	2	29
394	2	31
395	1	90
396	3	85
397	2	23
398	2	17
399	2	32
400	3	7
401	3	67
402	2	29
403	2	5
404	3	65
405	2	29
406	3	6
407	2	79
408	2	18
409	2	67
410	2	9
411	2	55
412	3	20
413	2	8
414	2	36
415	2	2
416	1	68
417	2	75
418	3	62
419	2	99
420	3	55
421	3	82
422	2	12
423	2	47
424	3	70
425	3	16
426	3	79
427	2	16
428	3	79
429	2	75
430	2	67
431	2	79
432	2	27
433	2	3
434	2	3
435	1	64
436	2	5
437	2	18
438	3	61
439	2	32
440	2	43
441	2	2
442	3	67
443	2	25
444	2	15
445	2	16
446	2	90
447	2	80
448	2	55
449	1	16
450	3	2
451	3	54
452	2	13
453	2	51
454	3	81
455	2	25
456	2	58
457	2	73
458	2	8
459	2	55
460	2	46
461	2	5
462	2	18
463	3	9
464	2	83
465	3	15
466	3	92
467	2	25
468	1	40
469	3	47
470	2	11
471	1	16
472	2	6
473	2	67
474	2	51
475	2	10
476	2	46
477	3	97
478	2	17
479	2	75
480	1	40
481	3	21
482	2	20
483	1	19
484	2	97
485	2	89
486	3	45
487	2	75
488	2	44
489	2	17
490	3	95
491	2	29
492	2	29
493	2	57
494	2	79
495	2	16
496	2	6
497	2	16
498	2	60
499	2	16
500	2	85
501	2	90
502	1	49
503	3	8
504	2	49
505	2	92
506	1	50
507	3	17
508	2	10
509	2	27
510	2	9
511	2	70
512	2	21
513	2	61
514	2	22
515	3	90
516	3	10
517	3	74
518	2	83
519	3	10
520	2	16
521	2	7
522	2	16
523	2	8
524	2	66
525	2	52
526	2	21
527	2	61
528	3	90
529	2	83
530	3	90
531	2	90
532	2	71
533	3	8
534	2	34
535	2	80
536	2	79
537	2	1
538	2	68
539	2	8
540	2	71
541	2	73
542	3	75
543	2	95
544	2	45
545	2	16
546	2	36
547	2	28
548	1	69
549	1	96
550	2	15
551	3	89
552	2	79
553	2	15
554	2	79
555	1	18
556	2	83
557	2	96
558	1	9
559	3	55
560	3	52
561	2	10
562	2	74
563	2	49
564	2	45
565	2	8
566	2	92
567	1	5
568	2	45
569	3	55
570	2	31
571	2	29
572	2	92
573	1	9
574	2	67
575	2	6
576	2	29
577	2	83
578	3	95
579	3	18
580	2	86
581	3	74
582	2	8
583	2	64
584	2	85
585	2	87
586	2	10
587	3	56
588	2	96
589	2	34
590	1	31
591	2	44
592	3	36
593	1	63
594	2	48
595	3	47
596	2	8
597	2	18
598	2	29
599	3	22
600	2	41
601	2	51
602	2	31
603	3	85
604	2	51
605	2	56
606	2	55
607	3	25
608	3	75
609	2	91
610	1	18
611	1	85
612	2	73
613	2	46
614	3	23
615	2	60
616	2	93
617	2	45
618	2	83
619	2	55
620	2	20
621	1	85
622	2	2
623	2	16
624	2	32
625	2	88
626	2	51
627	2	69
628	3	16
629	2	83
630	2	77
631	2	90
632	1	17
633	1	90
634	2	92
635	1	51
636	2	16
637	3	32
638	2	17
639	3	15
640	2	45
641	2	43
642	2	89
643	1	31
644	2	16
645	2	47
646	3	55
647	2	95
648	1	41
649	2	16
650	1	85
651	2	38
652	3	71
653	2	67
654	2	90
655	2	18
656	2	67
657	2	96
658	1	61
659	3	51
660	2	16
661	3	43
662	2	85
663	2	3
664	1	57
665	1	2
666	2	93
667	3	73
668	1	9
669	2	96
670	2	50
671	2	50
672	2	59
673	2	15
674	1	9
675	1	69
676	1	36
677	3	75
678	2	2
679	1	16
680	2	67
681	1	50
682	2	32
683	3	10
684	3	31
685	3	74
686	1	16
687	2	8
688	2	30
689	3	2
690	3	2
691	2	30
692	2	15
693	2	94
694	1	88
695	2	8
696	2	34
697	3	45
698	1	65
699	3	2
700	1	78
701	1	36
702	2	1
703	3	45
704	2	16
705	3	54
706	3	31
707	2	18
708	2	31
709	1	68
710	2	74
711	2	67
712	3	8
713	2	16
714	1	36
715	1	94
716	1	45
717	1	70
718	1	27
719	2	99
720	2	16
721	2	53
722	2	61
723	1	23
724	1	5
725	1	49
726	2	56
727	2	67
728	1	98
729	1	21
730	3	65
731	2	15
732	1	46
733	2	2
734	2	10
735	1	84
736	3	90
737	2	80
738	2	85
739	2	67
740	2	7
741	2	90
742	2	29
743	2	9
744	2	83
745	2	10
746	1	39
747	2	34
748	1	16
749	2	55
750	1	19
751	3	67
752	1	69
753	2	55
754	1	99
755	2	57
756	2	51
757	1	75
758	3	45
759	1	39
760	2	55
761	2	40
762	1	75
763	3	79
764	2	21
765	3	51
766	2	65
767	2	60
768	2	20
769	2	67
770	3	59
771	1	79
772	2	96
773	2	2
774	3	16
775	2	75
776	1	7
777	3	12
778	3	97
779	2	38
780	1	46
781	2	26
782	3	31
783	2	43
784	1	69
785	2	69
786	2	49
787	1	3
788	2	87
789	1	39
790	1	18
791	2	67
792	2	29
793	2	34
794	2	79
795	2	31
796	2	8
797	2	2
798	2	17
799	2	31
800	1	43
801	1	98
802	2	82
803	2	20
804	2	6
805	2	12
806	1	79
807	2	6
808	2	61
809	2	97
810	1	45
811	3	54
812	1	41
813	1	98
814	2	36
815	2	79
816	2	95
817	2	89
818	1	51
819	2	8
820	2	69
821	3	22
822	3	39
823	3	42
824	2	55
825	2	8
826	2	93
827	1	67
828	2	85
829	2	16
830	2	14
831	2	52
832	2	17
833	2	16
834	3	79
835	1	14
836	2	45
837	1	18
838	1	90
839	2	53
840	2	67
841	2	48
842	2	81
843	1	39
844	1	13
845	1	16
846	1	61
847	1	68
848	1	11
849	2	83
850	2	16
851	1	8
852	1	43
853	2	55
854	3	89
855	2	31
856	1	86
857	2	94
858	3	61
859	2	90
860	1	16
861	2	9
862	2	95
863	3	31
864	1	23
865	3	93
866	1	69
867	1	25
868	1	69
869	2	89
870	1	51
871	1	85
872	2	66
873	2	30
874	2	67
875	2	66
876	3	54
877	1	83
878	2	9
879	1	84
880	2	8
881	2	25
882	2	80
883	1	69
884	1	90
885	2	34
886	3	54
887	3	54
888	2	81
889	2	82
890	2	17
891	2	14
892	2	53
893	1	3
894	1	97
895	2	45
896	3	22
897	3	16
898	2	85
899	2	83
900	2	29
901	2	41
902	2	5
903	2	52
904	2	15
905	1	13
906	2	49
907	1	63
908	2	81
909	1	28
910	2	47
911	2	17
912	2	97
913	2	97
914	2	70
915	2	41
916	2	31
917	2	34
918	2	7
919	1	34
920	2	28
921	2	92
922	2	68
923	1	70
924	2	93
925	2	57
926	2	2
927	2	16
928	2	80
929	2	29
930	1	69
931	1	88
932	3	96
933	2	45
934	1	64
935	1	36
936	2	51
937	3	65
938	2	3
939	2	6
940	1	14
941	1	89
942	1	67
943	2	72
944	2	15
945	2	70
946	1	17
947	2	26
948	2	18
949	2	64
950	1	9
951	2	31
952	2	50
953	2	78
954	1	63
955	1	16
956	2	31
957	1	3
958	2	55
959	2	91
960	1	93
961	2	9
962	1	48
963	2	80
964	2	12
965	1	83
966	1	69
967	1	3
968	2	30
969	1	90
970	2	15
971	1	67
972	2	55
973	2	2
974	2	90
975	2	53
976	2	40
977	1	69
978	1	23
979	2	65
980	2	16
981	3	90
982	1	16
983	2	72
984	1	49
985	2	31
986	2	57
987	2	96
988	2	55
989	2	47
990	1	29
991	1	29
992	1	34
993	1	49
994	2	8
995	2	42
996	1	88
997	2	16
998	1	16
999	2	65
1000	2	84
1001	3	99
1002	3	45
1003	2	41
1004	2	2
1005	1	16
1006	1	29
1007	2	6
1008	1	36
1009	1	87
1010	2	81
1011	2	85
1012	2	55
1013	1	79
1014	2	11
1015	2	68
1016	1	64
1017	2	16
1018	3	61
1019	2	17
1020	1	69
1021	3	42
1022	1	5
1023	2	69
1024	1	64
1025	1	16
1026	1	8
1027	2	79
1028	1	18
1029	1	18
1030	2	16
1031	1	61
1032	2	3
1033	2	16
1034	2	9
1035	1	75
1036	3	55
1037	1	68
1038	2	45
1039	1	94
1040	2	97
1041	1	3
1042	1	84
1043	2	35
1044	1	69
1045	2	87
1046	2	70
1047	2	58
1048	2	1
1049	3	7
1050	2	16
1051	1	75
1052	2	16
1053	1	16
1054	2	67
1055	2	16
1056	3	45
1057	2	15
1058	2	45
1059	2	65
1060	2	2
1061	1	87
1062	1	16
1063	1	10
1064	1	64
1065	1	51
1066	2	79
1067	1	9
1068	1	55
1069	1	67
1070	1	20
1071	1	90
1072	2	85
1073	2	16
1074	2	53
1075	1	43
1076	1	58
1077	1	28
1078	1	16
1079	1	8
1080	1	75
1081	1	20
1082	1	41
1083	1	78
1084	1	45
1085	3	95
1086	1	90
1087	3	45
1088	1	6
1089	2	42
1090	1	90
1091	1	59
1092	1	36
1093	1	13
1094	2	34
1095	3	5
1096	2	96
1097	2	58
1098	1	50
1099	3	2
1100	1	69
1101	2	69
1102	2	2
1103	1	93
1104	1	67
1105	1	85
1106	2	31
1107	3	90
1108	2	52
1109	1	24
1110	1	28
1111	1	13
1112	1	71
1113	2	1
1114	1	51
1115	2	51
1116	1	21
1117	1	28
1118	2	16
1119	1	18
1120	2	23
1121	3	54
1122	2	81
1123	2	95
1124	1	94
1125	2	5
1126	1	41
1127	1	40
1128	1	85
1129	1	86
1130	2	96
1131	1	93
1132	2	31
1133	2	69
1134	2	8
1135	1	35
1136	2	55
1137	2	38
1138	2	6
1139	2	26
1140	1	16
1141	2	93
1142	2	31
1143	1	88
1144	1	75
1145	2	27
1146	3	78
1147	1	16
1148	1	93
1149	2	74
1150	1	38
1151	1	85
1152	1	31
1153	1	67
1154	1	60
1155	1	46
1156	3	90
1157	1	18
1158	1	76
1159	2	80
1160	1	44
1161	2	51
1162	1	24
1163	1	30
1164	1	85
1165	2	45
1166	1	24
1167	2	16
1168	2	5
1169	1	23
1170	1	69
1171	2	79
1172	2	72
1173	2	6
1174	1	6
1175	1	20
1176	1	42
1177	2	64
1178	1	97
1179	2	15
1180	2	54
1181	1	19
1182	1	92
1183	1	55
1184	2	2
1185	2	28
1186	3	14
1187	2	72
1188	1	28
1189	2	70
1190	2	2
1191	2	29
1192	2	34
1193	2	31
1194	1	6
1195	2	15
1196	1	16
1197	2	17
1198	3	72
1199	1	79
1200	2	93
1201	2	55
1202	1	31
1203	2	31
1204	1	93
1205	3	76
1206	1	18
1207	1	61
1208	1	38
1209	1	87
1210	1	46
1211	1	60
1212	2	67
1213	2	69
1214	1	71
1215	1	78
1216	1	34
1217	1	44
1218	1	90
1219	2	80
1220	2	36
1221	2	12
1222	2	48
1223	2	59
1224	3	58
1225	1	16
1226	2	40
1227	1	3
1228	1	85
1229	1	49
1230	1	46
1231	1	16
1232	2	10
1233	2	12
1234	1	75
1235	2	68
1236	1	12
1237	1	80
1238	1	69
1239	1	3
1240	2	99
1241	1	52
1242	1	63
1243	1	97
1244	2	16
1245	2	2
1246	2	70
1247	2	88
1248	1	2
1249	1	2
1250	2	89
1251	2	11
1252	1	92
1253	2	16
1254	1	10
1255	2	8
1256	2	54
1257	1	34
1258	1	68
1259	1	81
1260	1	16
1261	1	64
1262	2	41
1263	1	59
1264	2	14
1265	1	97
1266	2	27
1267	1	79
1268	3	65
1269	3	75
1270	2	56
1271	2	96
1272	1	6
1273	2	15
1274	2	94
1275	1	75
1276	2	78
1277	2	73
1278	1	29
1279	2	12
1280	2	46
1281	1	58
1282	1	84
1283	1	67
1284	1	51
1285	2	8
1286	2	45
1287	1	51
1288	1	17
1289	2	28
1290	1	60
1291	2	76
1292	1	69
1293	1	51
1294	1	51
1295	2	90
1296	1	31
1297	1	90
1298	2	80
1299	2	67
1300	2	85
1301	1	90
1302	2	83
1303	1	34
1304	1	98
1305	1	79
1306	1	69
1307	1	69
1308	1	99
1309	2	2
1310	1	91
1311	1	35
1312	1	96
1313	2	12
1314	2	90
1315	2	8
1316	2	87
1317	2	15
1318	1	94
1319	2	95
1320	2	81
1321	1	59
1322	1	20
1323	1	69
1324	1	69
1325	2	85
1326	2	12
1327	1	18
1328	2	79
1329	1	38
1330	1	16
1331	1	57
1332	1	16
1333	2	69
1334	1	35
1335	2	15
1336	2	79
1337	2	17
1338	2	51
1339	2	67
1340	2	64
1341	2	14
1342	1	94
1343	1	37
1344	1	96
1345	1	68
1346	2	48
1347	1	65
1348	1	71
1349	2	69
1350	2	79
1351	1	2
1352	1	30
1353	1	29
1354	1	23
1355	1	98
1356	2	89
1357	1	26
1358	2	6
1359	2	31
1360	1	64
1361	2	31
1362	1	32
1363	1	46
1364	1	79
1365	1	67
1366	1	79
1367	1	21
1368	3	96
1369	1	56
1370	1	86
1371	1	90
1372	1	99
1373	2	6
1374	1	90
1375	2	77
1376	1	30
1377	2	10
1378	2	65
1379	1	79
1380	1	76
1381	1	9
1382	2	42
1383	1	69
1384	1	69
1385	2	74
1386	2	85
1387	2	81
1388	1	51
1389	1	38
1390	2	2
1391	1	29
1392	2	43
1393	2	79
1394	1	55
1395	1	95
1396	2	44
1397	1	40
1398	1	7
1399	1	26
1400	2	95
1401	2	79
1402	2	51
1403	1	5
1404	1	90
1405	2	95
1406	2	90
1407	1	90
1408	2	34
1409	2	32
1410	1	13
1411	1	67
1412	2	45
1413	2	72
1414	2	7
1415	1	31
1416	2	16
1417	2	17
1418	1	81
1419	1	93
1420	2	71
1421	3	45
1422	1	43
1423	2	90
1424	2	31
1425	2	41
1426	1	16
1427	1	18
1428	2	56
1429	2	17
1430	1	16
1431	1	97
1432	1	15
1433	1	65
1434	3	45
1435	1	55
1436	1	69
1437	2	25
1438	1	83
1439	1	90
1440	2	98
1441	2	63
1442	1	80
1443	2	89
1444	1	7
1445	2	42
1446	1	63
1447	2	85
1448	2	74
1449	1	5
1450	1	35
1451	1	79
1452	2	65
1453	1	85
1454	1	40
1455	2	55
1456	2	79
1457	1	46
1458	1	49
1459	1	74
1460	1	10
1461	2	20
1462	2	33
1463	1	6
1464	1	30
1465	1	51
1466	1	38
1467	1	36
1468	2	18
1469	1	79
1470	2	10
1471	1	41
1472	1	18
1473	1	60
1474	3	67
1475	2	37
1476	1	32
1477	1	2
1478	1	3
1479	1	8
1480	1	55
1481	1	99
1482	1	30
1483	2	33
1484	2	88
1485	2	45
1486	2	49
1487	2	45
1488	2	31
1489	1	36
1490	1	79
1491	1	97
1492	2	32
1493	2	12
1494	2	26
1495	1	79
1496	1	66
1497	2	69
1498	1	29
1499	1	73
1500	1	10
1501	1	7
1502	1	27
1503	2	28
1504	1	79
1505	1	70
1506	1	79
1507	2	26
1508	1	13
1509	1	3
1510	1	80
1511	1	69
1512	1	55
1513	1	77
1514	1	49
1515	1	84
1516	1	98
1517	1	69
1518	1	34
1519	1	75
1520	1	67
1521	1	41
1522	2	41
1523	1	20
1524	1	69
1525	2	50
1526	2	90
1527	1	67
1528	1	16
1529	1	30
1530	1	90
1531	1	46
1532	1	38
1533	2	53
1534	1	72
1535	2	30
1536	1	18
1537	1	9
1538	1	94
1539	1	90
1540	2	52
1541	2	29
1542	3	65
1543	1	12
1544	1	34
1545	2	22
1546	1	46
1547	2	67
1548	1	47
1549	1	69
1550	2	35
1551	1	9
1552	3	78
1553	1	84
1554	1	70
1555	1	18
1556	2	82
1557	3	2
1558	1	67
1559	2	22
1560	2	31
1561	1	18
1562	2	92
1563	1	8
1564	1	94
1565	1	61
1566	1	5
1567	1	88
1568	2	36
1569	1	51
1570	2	92
1571	1	16
1572	1	80
1573	1	40
1574	2	9
1575	2	2
1576	2	59
1577	1	64
1578	1	79
1579	2	45
1580	2	55
1581	1	16
1582	1	16
1583	1	69
1584	2	12
1585	1	69
1586	3	92
1587	2	34
1588	1	75
1589	1	97
1590	1	5
1591	1	12
1592	1	40
1593	2	35
1594	2	72
1595	2	29
1596	1	68
1597	1	23
1598	1	76
1599	1	61
1600	1	34
1601	1	19
1602	1	31
1603	1	32
1604	1	69
1605	1	98
1606	3	57
1607	1	81
1608	1	69
1609	1	59
1610	2	42
1611	2	15
1612	1	46
1613	1	92
1614	1	51
1615	2	28
1616	1	67
1617	2	56
1618	2	31
1619	1	63
1620	2	51
1621	2	2
1622	1	84
1623	1	39
1624	2	6
1625	1	92
1626	3	92
1627	2	86
1628	2	75
1629	2	15
1630	1	27
1631	1	12
1632	1	13
1633	1	79
1634	2	54
1635	2	92
1636	2	39
1637	1	90
1638	1	98
1639	2	4
1640	1	19
1641	1	84
1642	2	90
1643	1	9
1644	1	31
1645	2	56
1646	1	80
1647	1	16
1648	1	30
1649	2	31
1650	1	26
1651	2	71
1652	1	62
1653	1	15
1654	1	3
1655	2	12
1656	2	50
1657	1	75
1658	2	12
1659	1	95
1660	1	61
1661	2	44
1662	1	88
1663	1	85
1664	2	34
1665	1	55
1666	1	67
1667	2	41
1668	1	79
1669	2	45
1670	1	67
1671	1	61
1672	2	45
1673	1	6
1674	1	63
1675	1	67
1676	1	7
1677	1	65
1678	2	46
1679	1	66
1680	2	2
1681	1	51
1682	1	94
1683	2	34
1684	1	85
1685	1	79
1686	1	66
1687	1	86
1688	1	16
1689	2	85
1690	1	29
1691	1	9
1692	2	58
1693	1	5
1694	2	16
1695	2	31
1696	3	31
1697	1	16
1698	1	58
1699	1	75
1700	1	9
1701	1	51
1702	1	19
1703	1	75
1704	2	42
1705	2	54
1706	1	30
1707	1	75
1708	1	72
1709	1	30
1710	1	80
1711	1	26
1712	1	44
1713	1	85
1714	1	23
1715	2	75
1716	2	35
1717	1	13
1718	1	58
1719	1	94
1720	1	60
1721	1	69
1722	2	62
1723	1	75
1724	1	75
1725	1	66
1726	1	16
1727	1	51
1728	3	45
1729	1	86
1730	2	85
1731	1	69
1732	1	6
1733	2	58
1734	1	44
1735	2	12
1736	1	33
1737	1	13
1738	1	69
1739	1	16
1740	1	2
1741	1	75
1742	2	25
1743	1	16
1744	1	80
1745	1	55
1746	1	9
1747	2	90
1748	1	1
1749	1	8
1750	2	49
1751	1	8
1752	1	32
1753	1	16
1754	1	70
1755	1	79
1756	2	45
1757	1	79
1758	1	12
1759	2	45
1760	1	11
1761	1	90
1762	1	67
1763	1	75
1764	1	74
1765	1	89
1766	2	52
1767	2	81
1768	2	56
1769	1	76
1770	1	52
1771	1	61
1772	1	11
1773	1	85
1774	1	38
1775	1	16
1776	1	41
1777	1	84
1778	1	14
1779	2	54
1780	1	70
1781	1	8
1782	2	67
1783	1	36
1784	2	76
1785	1	12
1786	1	16
1787	1	9
1788	1	66
1789	2	2
1790	1	79
1791	2	99
1792	1	16
1793	2	96
1794	2	68
1795	1	40
1796	1	46
1797	1	75
1798	1	16
1799	1	69
1800	1	46
1801	1	39
1802	1	78
1803	2	51
1804	1	67
1805	1	61
1806	1	67
1807	1	16
1808	1	43
1809	2	67
1810	1	67
1811	1	67
1812	2	31
1813	1	38
1814	2	31
1815	1	16
1816	1	18
1817	1	16
1818	1	36
1819	2	34
1820	1	3
1821	1	55
1822	1	29
1823	1	10
1824	1	18
1825	1	8
1826	1	52
1827	1	16
1828	2	16
1829	1	2
1830	1	82
1831	1	27
1832	1	79
1833	1	85
1834	2	93
1835	2	42
1836	1	96
1837	2	81
1838	1	74
1839	2	18
1840	3	89
1841	1	64
1842	1	54
1843	2	3
1844	2	62
1845	1	18
1846	1	25
1847	1	80
1848	1	17
1849	1	57
1850	2	96
1851	2	6
1852	1	55
1853	1	52
1854	1	99
1855	1	65
1856	3	54
1857	1	30
1858	1	9
1859	1	37
1860	1	97
1861	1	16
1862	2	2
1863	1	18
1864	1	25
1865	1	45
1866	1	38
1867	1	18
1868	1	66
1869	1	40
1870	1	83
1871	1	9
1872	1	36
1873	1	19
1874	1	68
1875	1	55
1876	2	99
1877	1	2
1878	1	12
1879	1	31
1880	1	16
1881	1	93
1882	2	40
1883	1	6
1884	2	29
1885	1	51
1886	1	16
1887	1	70
1888	2	61
1889	1	55
1890	1	9
1891	1	69
1892	1	50
1893	2	15
1894	1	16
1895	1	87
1896	2	12
1897	1	87
1898	1	82
1899	1	24
1900	1	56
1901	2	37
1902	1	16
1903	1	96
1904	1	12
1905	1	85
1906	1	64
1907	1	16
1908	2	78
1909	1	19
1910	1	41
1911	1	8
1912	1	93
1913	2	51
1914	2	56
1915	1	80
1916	1	54
1917	1	31
1918	1	56
1919	1	58
1920	1	81
1921	1	4
1922	1	20
1923	1	81
1924	1	70
1925	1	58
1926	2	68
1927	1	16
1928	1	16
1929	2	1
1930	1	36
1931	1	67
1932	1	50
1933	2	34
1934	1	5
1935	1	74
1936	2	36
1937	1	23
1938	1	16
1939	2	6
1940	1	61
1941	2	40
1942	2	20
1943	1	9
1944	1	75
1945	2	77
1946	2	9
1947	1	11
1948	1	25
1949	1	56
1950	1	58
1951	1	96
1952	1	31
1953	2	47
1954	1	36
1955	2	34
1956	1	36
1957	1	70
1958	2	8
1959	2	40
1960	2	16
1961	1	5
1962	1	29
1963	2	3
1964	1	60
1965	1	5
1966	1	48
1967	2	2
1968	2	86
1969	1	90
1970	1	36
1971	1	92
1972	1	4
1973	3	64
1974	2	36
1975	2	47
1976	2	61
1977	1	37
1978	2	58
1979	2	56
1980	2	47
1981	1	43
1982	2	16
1983	1	70
1984	1	58
1985	1	98
1986	2	47
1987	2	90
1988	1	92
1989	2	33
1990	2	54
1991	1	2
1992	1	72
1993	1	28
1994	1	31
1995	2	67
1996	1	33
1997	1	84
1998	2	54
1999	2	67
2000	2	79
2001	1	69
2002	1	2
2003	1	15
2004	1	30
2005	1	97
2006	1	31
2007	2	45
2008	1	94
2009	1	40
2010	2	15
2011	2	81
2012	2	36
2013	1	76
2014	2	31
2015	1	29
2016	2	36
2017	1	12
2018	2	3
2019	2	61
2020	1	18
2021	1	9
2022	2	49
2023	1	25
2024	1	51
2025	2	81
2026	1	31
2027	1	61
2028	1	55
2029	1	51
2030	1	40
2031	2	43
2032	1	41
2033	1	6
2034	1	69
2035	1	88
2036	1	75
2037	1	75
2038	1	71
2039	1	18
2040	1	36
2041	2	54
2042	1	69
2043	3	17
2044	1	26
2045	1	80
2046	1	45
2047	1	16
2048	2	57
2049	1	71
2050	1	29
2051	1	16
2052	2	16
2053	1	44
2054	1	10
2055	1	50
2056	1	80
2057	1	51
2058	1	46
2059	2	64
2060	2	93
2061	2	16
2062	1	64
2063	1	8
2064	1	67
2065	2	88
2066	1	8
2067	1	90
2068	1	81
2069	1	80
2070	1	59
2071	2	84
2072	1	63
2073	1	40
2074	1	81
2075	1	96
2076	1	79
2077	1	61
2078	1	5
2079	1	3
2080	1	75
2081	1	20
2082	2	69
2083	1	68
2084	1	64
2085	2	72
2086	1	10
2087	2	31
2088	1	63
2089	1	46
2090	1	16
2091	2	35
2092	1	45
2093	1	5
2094	1	22
2095	2	48
2096	1	34
2097	1	83
2098	1	91
2099	2	64
2100	1	69
2101	1	83
2102	2	79
2103	2	97
2104	1	11
2105	2	17
2106	1	9
2107	1	58
2108	1	46
2109	2	5
2110	1	81
2111	2	22
2112	1	51
2113	1	35
2114	1	12
2115	2	34
2116	2	20
2117	1	16
2118	2	31
2119	1	22
2120	1	25
2121	1	29
2122	1	79
2123	2	78
2124	2	29
2125	1	36
2126	1	90
2127	1	80
2128	1	20
2129	1	27
2130	2	50
2131	2	95
2132	1	81
2133	1	16
2134	1	17
2135	2	79
2136	1	29
2137	1	72
2138	1	47
2139	1	36
2140	1	40
2141	1	69
2142	1	75
2143	1	93
2144	1	55
2145	2	56
2146	1	82
2147	1	31
2148	1	69
2149	1	75
2150	2	96
2151	2	31
2152	1	31
2153	2	74
2154	2	39
2155	1	79
2156	1	10
2157	1	25
2158	1	45
2159	1	69
2160	1	21
2161	1	87
2162	1	85
2163	2	89
2164	2	59
2165	1	4
2166	1	48
2167	2	63
2168	1	85
2169	1	46
2170	1	21
2171	1	34
2172	1	68
2173	2	45
2174	1	68
2175	1	15
2176	2	31
2177	1	46
2178	1	75
2179	1	93
2180	1	13
2181	1	69
2182	1	72
2183	2	92
2184	2	47
2185	1	42
2186	1	16
2187	1	31
2188	1	37
2189	1	50
2190	1	11
2191	1	66
2192	1	45
2193	1	27
2194	2	12
2195	1	17
2196	2	13
2197	1	48
2198	2	65
2199	2	96
2200	1	59
2201	1	89
2202	1	66
2203	1	2
2204	1	88
2205	1	61
2206	1	9
2207	1	85
2208	1	49
2209	1	40
2210	1	10
2211	1	25
2212	1	60
2213	1	77
2214	1	8
2215	1	21
2216	1	51
2217	1	26
2218	1	9
2219	1	80
2220	1	39
2221	1	18
2222	1	50
2223	1	51
2224	2	79
2225	1	41
2226	1	88
2227	1	69
2228	1	52
2229	2	44
2230	1	83
2231	1	31
2232	1	50
2233	1	51
2234	1	86
2235	1	7
2236	1	79
2237	1	79
2238	2	83
2239	1	10
2240	1	20
2241	1	31
2242	1	1
2243	1	55
2244	1	16
2245	1	16
2246	1	80
2247	1	65
2248	1	64
2249	1	16
2250	1	16
2251	1	45
2252	1	15
2253	2	16
2254	1	92
2255	1	90
2256	1	14
2257	2	58
2258	1	90
2259	2	51
2260	1	51
2261	2	90
2262	2	92
2263	1	86
2264	1	1
2265	1	85
2266	1	17
2267	1	68
2268	1	75
2269	1	49
2270	1	37
2271	1	69
2272	2	67
2273	1	16
2274	1	6
2275	1	57
2276	2	82
2277	1	27
2278	1	75
2279	1	18
2280	2	2
2281	1	63
2282	1	80
2283	1	48
2284	1	43
2285	1	16
2286	1	63
2287	1	52
2288	1	31
2289	1	64
2290	1	83
2291	2	69
2292	1	81
2293	1	76
2294	1	49
2295	2	4
2296	1	72
2297	1	63
2298	2	29
2299	1	85
2300	1	46
2301	1	78
2302	1	59
2303	1	9
2304	1	16
2305	2	28
2306	1	34
2307	1	7
2308	1	86
2309	1	20
2310	1	96
2311	2	18
2312	3	45
2313	1	45
2314	1	26
2315	2	54
2316	1	30
2317	2	74
2318	1	27
2319	2	36
2320	1	76
2321	1	36
2322	1	16
2323	2	43
2324	1	55
2325	1	78
2326	1	19
2327	2	46
2328	1	55
2329	1	31
2330	1	10
2331	1	87
2332	2	74
2333	1	3
2334	1	57
2335	3	54
2336	1	29
2337	2	91
2338	2	80
2339	1	76
2340	1	59
2341	1	59
2342	1	80
2343	1	88
2344	2	69
2345	1	30
2346	2	54
2347	2	81
2348	1	93
2349	2	16
2350	1	55
2351	1	16
2352	1	33
2353	1	10
2354	1	16
2355	1	22
2356	2	45
2357	1	41
2358	2	90
2359	2	90
2360	1	80
2361	1	52
2362	1	90
2363	2	13
2364	1	69
2365	1	66
2366	1	30
2367	1	91
2368	2	38
2369	1	57
2370	1	39
2371	1	37
2372	1	15
2373	1	79
2374	1	48
2375	2	25
2376	1	16
2377	1	90
2378	1	67
2379	2	16
2380	2	45
2381	1	12
2382	1	85
2383	1	16
2384	1	90
2385	2	14
2386	1	44
2387	1	75
2388	2	95
2389	1	3
2390	1	53
2391	1	88
2392	2	20
2393	1	32
2394	1	85
2395	1	72
2396	1	79
2397	1	38
2398	1	7
2399	1	66
2400	1	69
2401	1	10
2402	1	75
2403	1	67
2404	1	75
2405	1	89
2406	1	67
2407	1	94
2408	1	94
2409	1	86
2410	1	53
2411	2	88
2412	1	58
2413	1	46
2414	1	43
2415	1	9
2416	1	35
2417	1	55
2418	1	36
2419	1	13
2420	1	85
2421	1	9
2422	1	4
2423	2	54
2424	1	17
2425	2	31
2426	1	70
2427	1	69
2428	1	69
2429	1	44
2430	1	70
2431	1	40
2432	1	90
2433	2	45
2434	1	85
2435	1	76
2436	2	2
2437	1	90
2438	2	89
2439	1	14
2440	1	79
2441	2	55
2442	1	64
2443	1	84
2444	1	65
2445	1	87
2446	1	85
2447	1	44
2448	2	96
2449	1	16
2450	1	25
2451	1	20
2452	1	79
2453	2	95
2454	2	2
2455	1	58
2456	1	51
2457	1	55
2458	1	20
2459	1	33
2460	2	39
2461	1	79
2462	2	32
2463	1	19
2464	1	74
2465	1	32
2466	2	5
2467	1	63
2468	2	12
2469	1	31
2470	1	16
2471	1	66
2472	1	3
2473	3	31
2474	2	81
2475	1	90
2476	1	96
2477	2	93
2478	1	8
2479	1	95
2480	2	70
2481	1	84
2482	1	34
2483	1	43
2484	1	14
2485	1	93
2486	2	30
2487	1	69
2488	2	8
2489	1	29
2490	1	38
2491	1	25
2492	1	18
2493	1	81
2494	1	80
2495	1	3
2496	1	3
2497	1	99
2498	1	34
2499	1	79
2500	2	51
2501	1	94
2502	1	69
2503	1	13
2504	2	45
2505	1	3
2506	1	43
2507	1	45
2508	1	93
2509	2	84
2510	1	61
2511	2	27
2512	2	75
2513	1	84
2514	1	84
2515	1	16
2516	1	9
2517	1	32
2518	1	67
2519	1	13
2520	1	61
2521	1	34
2522	1	74
2523	1	45
2524	1	63
2525	2	81
2526	1	79
2527	1	66
2528	1	61
2529	1	19
2530	1	74
2531	1	17
2532	1	68
2533	1	97
2534	1	7
2535	1	8
2536	2	8
2537	1	91
2538	2	15
2539	1	51
2540	1	30
2541	1	20
2542	1	88
2543	1	34
2544	1	57
2545	2	95
2546	1	45
2547	1	37
2548	1	3
2549	1	3
2550	1	79
2551	1	40
2552	1	51
2553	1	44
2554	1	27
2555	1	69
2556	1	16
2557	1	4
2558	1	72
2559	1	90
2560	1	29
2561	1	9
2562	2	55
2563	2	60
2564	1	31
2565	1	66
2566	1	89
2567	1	36
2568	1	2
2569	1	86
2570	1	25
2571	1	45
2572	1	29
2573	1	45
2574	1	39
2575	1	55
2576	1	61
2577	2	89
2578	1	38
2579	2	41
2580	1	44
2581	1	3
2582	1	49
2583	1	75
2584	1	72
2585	1	29
2586	1	32
2587	1	55
2588	2	85
2589	1	98
2590	1	90
2591	1	89
2592	1	94
2593	2	45
2594	1	52
2595	1	54
2596	1	90
2597	1	58
2598	1	75
2599	1	41
2600	1	46
2601	1	31
2602	1	6
2603	1	18
2604	2	55
2605	1	35
2606	1	63
2607	1	9
2608	1	67
2609	1	85
2610	2	8
2611	1	99
2612	1	45
2613	1	19
2614	1	28
2615	1	16
2616	2	14
2617	1	66
2618	1	73
2619	2	56
2620	1	2
2621	1	2
2622	1	34
2623	1	95
2624	1	29
2625	2	8
2626	1	86
2627	1	6
2628	1	81
2629	1	79
2630	1	20
2631	1	67
2632	1	79
2633	1	28
2634	1	21
2635	2	2
2636	1	82
2637	2	45
2638	1	39
2639	1	22
2640	1	22
2641	1	51
2642	1	70
2643	1	45
2644	2	55
2645	1	45
2646	1	27
2647	1	14
2648	2	92
2649	1	45
2650	2	53
2651	1	66
2652	1	17
2653	1	2
2654	1	91
2655	2	32
2656	1	65
2657	1	67
2658	1	7
2659	2	44
2660	1	84
2661	1	79
2662	1	29
2663	1	41
2664	1	91
2665	1	3
2666	1	42
2667	1	67
2668	1	26
2669	1	26
2670	1	12
2671	1	37
2672	2	90
2673	2	35
2674	1	23
2675	1	49
2676	1	7
2677	2	91
2678	1	55
2679	1	38
2680	1	32
2681	1	38
2682	1	85
2683	1	77
2684	1	40
2685	1	79
2686	1	54
2687	1	96
2688	1	64
2689	1	25
2690	1	83
2691	1	75
2692	1	19
2693	1	76
2694	1	79
2695	1	69
2696	1	68
2697	1	16
2698	1	11
2699	1	85
2700	1	57
2701	2	2
2702	2	67
2703	1	34
2704	1	29
2705	1	40
2706	2	53
2707	1	7
2708	1	19
2709	1	53
2710	1	80
2711	1	18
2712	1	87
2713	1	16
2714	1	41
2715	1	63
2716	1	64
2717	1	86
2718	1	48
2719	1	21
2720	1	29
2721	1	84
2722	2	16
2723	1	80
2724	2	57
2725	1	34
2726	1	24
2727	1	67
2728	1	16
2729	2	45
2730	1	51
2731	1	66
2732	1	28
2733	1	58
2734	1	29
2735	2	47
2736	1	75
2737	1	89
2738	1	39
2739	1	92
2740	1	25
2741	1	6
2742	1	55
2743	1	56
2744	2	8
2745	1	99
2746	1	36
2747	1	75
2748	1	87
2749	1	79
2750	1	42
2751	1	75
2752	1	55
2753	1	45
2754	1	16
2755	1	95
2756	1	95
2757	1	86
2758	1	25
2759	3	47
2760	1	25
2761	1	76
2762	1	93
2763	1	31
2764	1	48
2765	1	40
2766	2	47
2767	1	79
2768	1	51
2769	1	16
2770	1	50
2771	1	64
2772	1	70
2773	1	23
2774	1	15
2775	1	75
2776	1	38
2777	1	41
2778	2	54
2779	1	31
2780	1	90
2781	1	88
2782	1	63
2783	1	44
2784	1	8
2785	1	38
2786	1	90
2787	1	1
2788	1	49
2789	1	16
2790	1	68
2791	1	79
2792	2	58
2793	1	21
2794	1	41
2795	1	12
2796	1	65
2797	1	50
2798	1	27
2799	1	94
2800	2	41
2801	1	50
2802	1	31
2803	2	45
2804	1	49
2805	2	81
2806	1	9
2807	1	3
2808	1	93
2809	1	68
2810	1	83
2811	1	45
2812	1	16
2813	1	24
2814	1	41
2815	1	63
2816	1	83
2817	1	31
2818	1	58
2819	1	21
2820	1	63
2821	2	92
2822	2	90
2823	1	67
2824	1	81
2825	1	67
2826	1	80
2827	1	62
2828	1	87
2829	1	65
2830	2	65
2831	1	9
2832	1	24
2833	1	80
2834	1	72
2835	1	12
2836	2	67
2837	2	79
2838	1	65
2839	1	46
2840	1	16
2841	1	60
2842	2	31
2843	1	74
2844	1	37
2845	1	48
2846	1	36
2847	1	67
2848	1	5
2849	1	2
2850	2	15
2851	1	30
2852	1	98
2853	1	9
2854	1	28
2855	1	66
2856	1	88
2857	2	2
2858	1	16
2859	1	93
2860	1	90
2861	1	77
2862	1	35
2863	1	91
2864	2	90
2865	1	55
2866	2	43
2867	2	70
2868	1	50
2869	1	36
2870	1	50
2871	1	48
2872	1	51
2873	1	69
2874	1	79
2875	1	3
2876	1	32
2877	1	55
2878	1	23
2879	2	77
2880	1	79
2881	1	97
2882	1	7
2883	1	41
2884	1	44
2885	2	15
2886	2	68
2887	1	84
2888	1	51
2889	1	20
2890	1	87
2891	2	74
2892	1	77
2893	2	18
2894	1	61
2895	1	80
2896	1	90
2897	1	99
2898	1	97
2899	1	42
2900	1	41
2901	1	45
2902	1	59
2903	1	2
2904	2	77
2905	1	58
2906	1	79
2907	1	90
2908	1	97
2909	1	86
2910	1	41
2911	1	79
2912	1	38
2913	1	87
2914	3	65
2915	2	72
2916	1	81
2917	1	55
2918	1	49
2919	1	79
2920	1	37
2921	1	9
2922	1	79
2923	1	74
2924	1	47
2925	1	94
2926	2	36
2927	2	47
2928	1	92
2929	2	47
2930	2	42
2931	2	70
2932	2	70
2933	1	56
2934	1	31
2935	1	61
2936	1	36
2937	2	65
2938	1	25
2939	1	90
2940	1	35
2941	1	54
2942	2	34
2943	2	65
2944	2	45
2945	1	90
2946	1	46
2947	1	88
2948	1	34
2949	1	5
2950	2	31
2951	1	98
2952	1	34
2953	1	33
2954	1	90
2955	1	77
2956	1	80
2957	1	67
2958	1	92
2959	2	12
2960	2	10
2961	2	48
2962	1	16
2963	2	30
2964	2	77
2965	1	6
2966	1	36
2967	1	77
2968	1	73
2969	1	54
2970	2	21
2971	1	31
2972	1	79
2973	1	59
2974	1	16
2975	1	3
2976	1	51
2977	1	23
2978	1	60
2979	1	59
2980	1	63
2981	1	69
2982	1	95
2983	1	22
2984	1	16
2985	1	66
2986	1	45
2987	1	70
2988	1	28
2989	1	51
2990	1	31
2991	1	69
2992	2	74
2993	1	31
2994	1	5
2995	1	2
2996	1	42
2997	1	73
2998	1	81
2999	1	56
3000	1	41
3001	1	8
3002	1	18
3003	1	18
3004	1	2
3005	1	88
3006	1	80
3007	1	16
3008	1	31
3009	2	53
3010	1	69
3011	1	22
3012	2	97
3013	1	49
3014	1	69
3015	1	67
3016	1	45
3017	1	19
3018	1	56
3019	1	79
3020	1	79
3021	1	15
3022	1	26
3023	1	42
3024	1	3
3025	1	7
3026	2	54
3027	1	47
3028	1	66
3029	1	81
3030	1	45
3031	1	26
3032	1	94
3033	1	56
3034	1	26
3035	1	34
3036	1	36
3037	1	90
3038	1	79
3039	1	20
3040	1	36
3041	1	16
3042	1	12
3043	1	13
3044	1	75
3045	1	95
3046	1	29
3047	2	79
3048	2	6
3049	1	36
3050	1	27
3051	1	6
3052	1	45
3053	1	55
3054	2	79
3055	1	17
3056	1	16
3057	1	64
3058	2	45
3059	1	28
3060	1	62
3061	1	34
3062	1	68
3063	1	27
3064	1	32
3065	1	60
3066	2	15
3067	1	58
3068	1	52
3069	1	55
3070	1	69
3071	1	2
3072	2	35
3073	1	90
3074	1	8
3075	1	16
3076	1	29
3077	1	90
3078	2	82
3079	1	16
3080	1	23
3081	1	49
3082	1	85
3083	1	41
3084	1	3
3085	1	16
3086	2	47
3087	1	93
3088	2	28
3089	1	90
3090	1	9
3091	2	2
3092	1	11
3093	1	48
3094	1	75
3095	1	62
3096	2	2
3097	1	90
3098	2	82
3099	1	8
3100	1	48
3101	2	45
3102	1	67
3103	1	29
3104	2	65
3105	1	61
3106	1	29
3107	2	67
3108	1	5
3109	1	73
3110	1	57
3111	1	28
3112	1	23
3113	1	71
3114	1	75
3115	1	29
3116	1	38
3117	1	76
3118	1	31
3119	2	80
3120	1	9
3121	1	3
3122	2	8
3123	1	62
3124	1	9
3125	1	40
3126	1	47
3127	1	30
3128	2	65
3129	1	85
3130	1	96
3131	1	8
3132	1	29
3133	1	80
3134	1	23
3135	1	26
3136	1	39
3137	1	22
3138	1	51
3139	1	10
3140	2	70
3141	1	28
3142	2	95
3143	1	55
3144	1	14
3145	1	16
3146	1	90
3147	2	2
3148	2	64
3149	2	62
3150	1	26
3151	2	95
3152	1	18
3153	1	99
3154	1	23
3155	1	89
3156	1	19
3157	1	39
3158	1	69
3159	1	18
3160	1	79
3161	1	66
3162	1	5
3163	1	19
3164	1	47
3165	1	16
3166	1	79
3167	2	2
3168	1	67
3169	1	12
3170	1	81
3171	1	14
3172	1	77
3173	1	49
3174	1	69
3175	1	70
3176	1	44
3177	1	14
3178	1	31
3179	1	73
3180	1	16
3181	1	67
3182	1	45
3183	1	68
3184	1	37
3185	1	46
3186	1	70
3187	1	75
3188	1	70
3189	1	84
3190	1	90
3191	1	38
3192	2	35
3193	1	9
3194	1	87
3195	1	64
3196	2	67
3197	3	2
3198	1	79
3199	2	31
3200	2	7
3201	1	96
3202	1	51
3203	2	36
3204	1	2
3205	2	3
3206	1	65
3207	1	34
3208	1	88
3209	1	98
3210	1	2
3211	2	83
3212	2	1
3213	1	79
3214	2	31
3215	1	20
3216	1	75
3217	1	83
3218	1	90
3219	1	17
3220	1	76
3221	2	74
3222	1	31
3223	1	90
3224	1	77
3225	2	20
3226	2	2
3227	1	79
3228	1	98
3229	1	61
3230	1	6
3231	1	2
3232	1	67
3233	1	95
3234	1	94
3235	1	97
3236	1	69
3237	1	5
3238	1	91
3239	1	79
3240	1	67
3241	1	69
3242	1	47
3243	1	61
3244	1	2
3245	1	85
3246	1	80
3247	1	49
3248	1	73
3249	1	88
3250	1	80
3251	1	16
3252	1	34
3253	1	16
3254	1	6
3255	1	67
3256	2	45
3257	1	5
3258	1	29
3259	1	28
3260	1	31
3261	1	75
3262	1	79
3263	1	67
3264	1	2
3265	1	39
3266	1	35
3267	1	47
3268	1	18
3269	2	25
3270	1	75
3271	1	97
3272	1	16
3273	1	36
3274	1	19
3275	1	3
3276	2	35
3277	1	45
3278	1	96
3279	1	80
3280	1	80
3281	1	53
3282	1	28
3283	1	20
3284	2	34
3285	1	69
3286	1	69
3287	1	51
3288	1	55
3289	1	2
3290	1	12
3291	1	23
3292	1	34
3293	1	7
3294	1	32
3295	1	7
3296	1	27
3297	1	16
3298	1	69
3299	1	6
3300	1	75
3301	2	45
3302	1	69
3303	1	65
3304	1	45
3305	1	92
3306	1	76
3307	1	68
3308	1	58
3309	1	49
3310	1	58
3311	1	68
3312	1	19
3313	1	67
3314	1	49
3315	1	3
3316	2	63
3317	1	29
3318	2	31
3319	1	10
3320	1	21
3321	2	92
3322	1	75
3323	1	79
3324	1	16
3325	1	79
3326	1	16
3327	1	58
3328	1	88
3329	1	53
3330	1	13
3331	1	76
3332	1	80
3333	1	58
3334	1	7
3335	1	98
3336	1	78
3337	1	80
3338	1	68
3339	1	89
3340	2	90
3341	1	82
3342	1	55
3343	1	12
3344	1	90
3345	1	46
3346	1	38
3347	1	83
3348	1	92
3349	1	98
3350	1	13
3351	1	8
3352	1	39
3353	1	68
3354	1	13
3355	2	5
3356	1	58
3357	1	55
3358	1	88
3359	1	13
3360	1	40
3361	1	68
3362	1	18
3363	1	13
3364	1	35
3365	1	95
3366	1	31
3367	1	31
3368	1	12
3369	1	9
3370	1	69
3371	1	68
3372	2	6
3373	1	10
3374	1	69
3375	1	75
3376	1	24
3377	1	72
3378	1	70
3379	1	35
3380	1	69
3381	1	16
3382	1	20
3383	1	7
3384	2	2
3385	1	62
3386	1	20
3387	1	17
3388	1	8
3389	1	45
3390	1	70
3391	1	75
3392	1	58
3393	1	40
3394	2	34
3395	1	66
3396	1	50
3397	1	42
3398	1	80
3399	1	7
3400	1	73
3401	1	75
3402	1	15
3403	1	30
3404	1	38
3405	1	31
3406	1	31
3407	1	6
3408	1	16
3409	1	95
3410	2	54
3411	1	85
3412	1	69
3413	1	52
3414	1	42
3415	1	45
3416	1	43
3417	1	47
3418	1	83
3419	1	36
3420	1	39
3421	1	3
3422	1	16
3423	1	11
3424	1	3
3425	1	17
3426	1	63
3427	1	41
3428	1	75
3429	1	6
3430	1	34
3431	2	25
3432	1	3
3433	1	36
3434	1	48
3435	1	47
3436	1	37
3437	1	22
3438	1	96
3439	1	67
3440	1	2
3441	2	46
3442	2	89
3443	1	7
3444	1	80
3445	1	20
3446	1	8
3447	1	67
3448	1	58
3449	1	2
3450	1	36
3451	1	58
3452	1	20
3453	1	29
3454	1	58
3455	2	54
3456	1	89
3457	1	23
3458	1	30
3459	1	63
3460	2	12
3461	1	20
3462	2	90
3463	1	20
3464	1	78
3465	1	18
3466	1	72
3467	1	13
3468	1	96
3469	1	45
3470	1	61
3471	2	54
3472	2	14
3473	2	81
3474	1	78
3475	1	30
3476	1	75
3477	2	70
3478	1	40
3479	1	55
3480	1	70
3481	1	31
3482	1	58
3483	1	39
3484	1	44
3485	1	64
3486	1	71
3487	1	15
3488	1	38
3489	1	26
3490	1	13
3491	1	6
3492	1	91
3493	1	80
3494	1	31
3495	1	69
3496	1	34
3497	1	9
3498	1	43
3499	1	55
3500	1	82
3501	1	55
3502	1	90
3503	1	95
3504	1	58
3505	1	98
3506	1	19
3507	1	31
3508	1	50
3509	1	73
3510	1	85
3511	1	60
3512	1	75
3513	1	75
3514	1	85
3515	1	63
3516	1	39
3517	2	15
3518	1	23
3519	1	1
3520	1	19
3521	1	9
3522	1	70
3523	1	50
3524	1	9
3525	1	50
3526	1	16
3527	1	67
3528	1	18
3529	1	24
3530	1	31
3531	1	7
3532	1	24
3533	1	70
3534	1	19
3535	1	19
3536	1	37
3537	1	76
3538	1	82
3539	1	17
3540	1	26
3541	1	69
3542	1	45
3543	1	59
3544	1	63
3545	1	94
3546	1	52
3547	1	29
3548	1	65
3549	1	51
3550	1	79
3551	1	16
3552	1	61
3553	2	9
3554	1	46
3555	1	50
3556	1	98
3557	1	80
3558	2	90
3559	1	58
3560	1	42
3561	1	12
3562	1	57
3563	1	91
3564	1	75
3565	1	83
3566	1	59
3567	1	2
3568	1	29
3569	1	55
3570	1	18
3571	1	98
3572	1	72
3573	1	99
3574	1	98
3575	1	19
3576	1	26
3577	1	74
3578	1	9
3579	1	94
3580	1	16
3581	1	5
3582	2	67
3583	1	15
3584	1	65
3585	1	80
3586	1	80
3587	1	78
3588	1	80
3589	1	20
3590	1	86
3591	1	70
3592	1	12
3593	1	30
3594	1	80
3595	1	49
3596	1	48
3597	1	42
3598	1	16
3599	1	69
3600	1	2
3601	2	70
3602	1	21
3603	1	48
3604	1	6
3605	1	79
3606	2	65
3607	1	16
3608	1	30
3609	1	5
3610	1	52
3611	1	2
3612	1	10
3613	1	66
3614	1	29
3615	1	55
3616	1	90
3617	1	23
3618	1	16
3619	1	5
3620	2	70
3621	1	25
3622	1	61
3623	1	44
3624	1	5
3625	1	69
3626	1	47
3627	1	54
3628	1	11
3629	1	90
3630	1	16
3631	1	35
3632	1	5
3633	1	16
3634	2	31
3635	2	98
3636	1	16
3637	1	22
3638	1	97
3639	1	9
3640	1	90
3641	1	2
3642	1	9
3643	1	43
3644	1	3
3645	1	11
3646	1	84
3647	1	23
3648	1	69
3649	1	13
3650	1	96
3651	2	38
3652	1	29
3653	2	81
3654	1	6
3655	1	5
3656	1	10
3657	1	71
3658	1	14
3659	2	33
3660	1	91
3661	1	29
3662	1	31
3663	1	80
3664	1	62
3665	1	87
3666	1	71
3667	2	36
3668	1	50
3669	1	50
3670	1	94
3671	1	67
3672	1	22
3673	1	69
3674	1	6
3675	1	72
3676	1	6
3677	1	3
3678	1	23
3679	1	3
3680	1	34
3681	1	10
3682	1	9
3683	1	74
3684	1	41
3685	1	24
3686	1	85
3687	1	79
3688	1	36
3689	1	68
3690	1	25
3691	1	79
3692	1	78
3693	1	87
3694	1	38
3695	1	90
3696	1	47
3697	1	73
3698	1	67
3699	1	3
3700	1	50
3701	1	39
3702	1	54
3703	1	15
3704	1	35
3705	2	31
3706	1	14
3707	1	53
3708	1	2
3709	1	5
3710	1	58
3711	1	33
3712	2	61
3713	1	36
3714	1	69
3715	1	57
3716	1	62
3717	1	37
3718	1	40
3719	1	68
3720	1	55
3721	1	71
3722	1	42
3723	1	81
3724	1	42
3725	1	37
3726	1	80
3727	2	5
3728	1	69
3729	1	74
3730	1	74
3731	1	3
3732	1	23
3733	1	36
3734	1	55
3735	1	95
3736	1	76
3737	1	5
3738	1	41
3739	1	29
3740	1	63
3741	1	95
3742	1	20
3743	1	62
3744	1	22
3745	1	21
3746	1	42
3747	1	9
3748	1	47
3749	1	90
3750	1	76
3751	1	6
3752	1	39
3753	1	61
3754	1	46
3755	1	65
3756	1	68
3757	1	32
3758	1	78
3759	1	69
3760	1	25
3761	1	61
3762	1	16
3763	1	25
3764	1	13
3765	1	42
3766	1	39
3767	1	18
3768	2	57
3769	1	73
3770	1	82
3771	1	79
3772	1	90
3773	1	79
3774	1	24
3775	1	23
3776	1	14
3777	1	68
3778	1	16
3779	1	69
3780	1	46
3781	1	12
3782	2	17
3783	1	70
3784	1	60
3785	1	95
3786	1	81
3787	1	44
3788	1	5
3789	1	48
3790	1	79
3791	1	55
3792	1	93
3793	2	80
3794	1	43
3795	2	67
3796	1	33
3797	1	58
3798	1	54
3799	1	56
3800	1	85
3801	1	24
3802	1	6
3803	1	89
3804	1	28
3805	1	1
3806	1	51
3807	1	84
3808	1	7
3809	1	14
3810	1	2
3811	1	76
3812	1	12
3813	1	10
3814	1	91
3815	1	20
3816	1	9
3817	1	87
3818	1	95
3819	1	90
3820	1	80
3821	1	16
3822	1	23
3823	1	60
3824	1	67
3825	1	35
3826	1	59
3827	1	8
3828	2	47
3829	1	93
3830	1	44
3831	1	36
3832	1	65
3833	1	29
3834	1	58
3835	1	29
3836	1	76
3837	1	14
3838	1	79
3839	1	56
3840	1	20
3841	1	18
3842	1	6
3843	1	79
3844	1	58
3845	1	9
3846	1	73
3847	1	41
3848	1	55
3849	1	69
3850	1	31
3851	1	58
3852	1	41
3853	1	97
3854	1	24
3855	1	16
3856	1	93
3857	1	8
3858	1	9
3859	1	3
3860	1	85
3861	1	43
3862	1	74
3863	1	62
3864	1	64
3865	2	95
3866	1	75
3867	1	79
3868	1	88
3869	1	18
3870	1	16
3871	1	19
3872	1	1
3873	1	10
3874	1	86
3875	1	40
3876	1	97
3877	1	16
3878	1	75
3879	1	49
3880	1	6
3881	1	75
3882	1	26
3883	1	50
3884	1	18
3885	1	1
3886	1	1
3887	1	88
3888	1	20
3889	1	31
3890	1	67
3891	1	92
3892	1	62
3893	1	79
3894	1	51
3895	1	40
3896	1	89
3897	1	18
3898	1	29
3899	1	96
3900	1	41
3901	1	97
3902	1	63
3903	1	69
3904	1	53
3905	1	6
3906	1	16
3907	1	24
3908	1	70
3909	1	61
3910	1	20
3911	1	34
3912	2	33
3913	1	73
3914	1	97
3915	1	44
3916	1	19
3917	1	26
3918	1	70
3919	1	43
3920	1	60
3921	1	2
3922	1	27
3923	1	79
3924	1	94
3925	1	82
3926	1	51
3927	1	18
3928	1	5
3929	2	51
3930	1	69
3931	1	80
3932	1	40
3933	1	29
3934	1	16
3935	2	71
3936	1	55
3937	1	86
3938	1	99
3939	1	7
3940	1	85
3941	1	60
3942	1	55
3943	1	56
3944	1	80
3945	1	52
3946	1	92
3947	1	84
3948	1	16
3949	1	69
3950	1	41
3951	1	19
3952	1	41
3953	2	48
3954	1	85
3955	1	61
3956	1	28
3957	1	79
3958	1	62
3959	1	18
3960	2	2
3961	1	17
3962	2	81
3963	1	20
3964	1	33
3965	1	49
3966	1	11
3967	1	79
3968	1	79
3969	1	69
3970	1	66
3971	1	66
3972	1	55
3973	1	59
3974	1	98
3975	1	32
3976	1	84
3977	1	82
3978	1	51
3979	1	16
3980	1	79
3981	1	68
3982	1	36
3983	1	69
3984	1	45
3985	1	98
3986	1	79
3987	2	81
3988	2	55
3989	1	96
3990	1	99
3991	1	31
3992	1	79
3993	1	69
3994	1	45
3995	1	11
3996	1	77
3997	2	29
3998	1	75
3999	1	18
4000	1	98
4001	1	44
4002	1	2
4003	1	45
4004	1	34
4005	1	67
4006	1	90
4007	1	16
4008	1	90
4009	1	71
4010	1	76
4011	1	43
4012	2	98
4013	1	56
4014	1	60
4015	1	14
4016	1	19
4017	1	42
4018	1	30
4019	1	75
4020	1	6
4021	1	38
4022	2	90
4023	1	25
4024	1	67
4025	1	69
4026	1	90
4027	1	48
4028	1	79
4029	1	97
4030	2	45
4031	1	8
4032	1	98
4033	1	91
4034	1	90
4035	1	88
4036	1	67
4037	1	59
4038	1	21
4039	1	39
4040	1	19
4041	1	75
4042	1	42
4043	1	79
4044	1	41
4045	1	55
4046	3	40
4047	1	76
4048	1	5
4049	1	60
4050	2	90
4051	1	90
4052	1	87
4053	1	65
4054	1	93
4055	1	69
4056	1	87
4057	1	73
4058	1	33
4059	1	18
4060	1	46
4061	1	16
4062	1	95
4063	1	45
4064	1	71
4065	1	85
4066	1	30
4067	1	79
4068	2	31
4069	1	32
4070	1	51
4071	1	98
4072	1	80
4073	1	31
4074	1	16
4075	1	76
4076	1	67
4077	1	75
4078	1	10
4079	1	66
4080	2	85
4081	1	70
4082	1	69
4083	1	61
4084	1	31
4085	1	96
4086	1	39
4087	1	16
4088	1	57
4089	1	85
4090	1	39
4091	1	68
4092	1	75
4093	1	29
4094	1	90
4095	1	51
4096	2	54
4097	1	2
4098	1	69
4099	1	13
4100	1	69
4101	1	32
4102	1	16
4103	1	46
4104	1	13
4105	1	79
4106	1	15
4107	2	7
4108	1	27
4109	1	46
4110	1	79
4111	2	31
4112	1	7
4113	1	51
4114	1	96
4115	1	81
4116	1	26
4117	1	55
4118	1	84
4119	1	82
4120	2	67
4121	1	9
4122	1	87
4123	1	76
4124	1	93
4125	1	86
4126	1	69
4127	1	14
4128	1	89
4129	1	77
4130	1	30
4131	1	9
4132	1	34
4133	1	60
4134	1	18
4135	1	45
4136	1	13
4137	1	90
4138	1	91
4139	1	89
4140	2	40
4141	1	24
4142	1	69
4143	1	85
4144	1	17
4145	1	89
4146	1	28
4147	1	30
4148	1	84
4149	1	46
4150	1	57
4151	1	12
4152	1	88
4153	1	51
4154	2	31
4155	1	81
4156	1	50
4157	1	22
4158	1	90
4159	1	67
4160	1	3
4161	1	13
4162	1	55
4163	1	69
4164	1	69
4165	1	10
4166	1	66
4167	1	16
4168	1	67
4169	2	32
4170	1	12
4171	1	66
4172	1	88
4173	1	45
4174	1	58
4175	1	64
4176	1	55
4177	1	40
4178	1	40
4179	1	76
4180	1	77
4181	1	74
4182	2	72
4183	2	54
4184	1	96
4185	1	90
4186	2	9
4187	1	86
4188	1	39
4189	2	25
4190	1	97
4191	1	18
4192	1	58
4193	1	74
4194	1	10
4195	1	39
4196	1	8
4197	1	80
4198	2	30
4199	1	92
4200	1	80
4201	2	65
4202	1	48
4203	1	30
4204	1	70
4205	1	43
4206	2	2
4207	1	95
4208	1	8
4209	1	69
4210	1	42
4211	1	80
4212	1	94
4213	1	18
4214	1	64
4215	1	58
4216	1	91
4217	1	76
4218	1	88
4219	1	85
4220	2	46
4221	1	84
4222	1	49
4223	1	16
4224	1	31
4225	1	87
4226	1	83
4227	1	43
4228	1	53
4229	1	40
4230	1	28
4231	1	83
4232	1	48
4233	1	94
4234	1	67
4235	1	1
4236	1	55
4237	1	39
4238	1	29
4239	1	49
4240	1	80
4241	1	21
4242	1	75
4243	2	10
4244	1	74
4245	1	16
4246	1	29
4247	1	25
4248	2	13
4249	1	45
4250	1	79
4251	2	60
4252	1	25
4253	1	75
4254	1	18
4255	2	77
4256	1	51
4257	2	2
4258	1	43
4259	1	78
4260	1	93
4261	1	67
4262	1	21
4263	2	54
4264	1	95
4265	1	57
4266	1	79
4267	1	74
4268	2	70
4269	1	9
4270	1	70
4271	1	40
4272	2	90
4273	1	45
4274	2	98
4275	2	47
4276	1	13
4277	1	66
4278	1	83
4279	1	72
4280	1	77
4281	1	5
4282	1	60
4283	1	71
4284	1	79
4285	1	63
4286	1	92
4287	2	81
4288	1	79
4289	1	16
4290	2	70
4291	1	9
4292	1	79
4293	1	67
4294	1	95
4295	1	89
4296	1	15
4297	1	35
4298	1	55
4299	1	69
4300	2	21
4301	1	16
4302	2	93
4303	1	65
4304	1	8
4305	1	61
4306	1	75
4307	1	30
4308	1	65
4309	1	3
4310	1	71
4311	1	65
4312	1	57
4313	1	88
4314	2	20
4315	1	53
4316	1	41
4317	1	7
4318	1	55
4319	1	29
4320	1	9
4321	1	6
4322	1	75
4323	1	64
4324	1	60
4325	1	2
4326	1	70
4327	1	55
4328	1	32
4329	1	33
4330	1	29
4331	1	59
4332	1	32
4333	1	80
4334	1	30
4335	1	71
4336	1	11
4337	1	80
4338	1	75
4339	1	67
4340	1	37
4341	1	55
4342	1	51
4343	1	16
4344	1	69
4345	1	97
4346	1	56
4347	1	72
4348	2	54
4349	1	30
4350	1	81
4351	1	92
4352	1	34
4353	1	50
4354	1	21
4355	1	26
4356	1	95
4357	1	46
4358	1	99
4359	1	96
4360	1	70
4361	1	2
4362	1	17
4363	1	2
4364	1	50
4365	1	68
4366	1	46
4367	1	9
4368	1	49
4369	1	16
4370	1	84
4371	2	77
4372	1	64
4373	1	99
4374	1	16
4375	1	7
4376	1	99
4377	1	69
4378	1	16
4379	1	51
4380	1	58
4381	1	14
4382	1	33
4383	1	29
4384	1	44
4385	2	20
4386	1	89
4387	1	14
4388	1	90
4389	1	89
4390	1	3
4391	1	3
4392	1	65
4393	1	55
4394	1	88
4395	1	50
4396	1	70
4397	1	54
4398	1	52
4399	1	95
4400	1	69
4401	1	61
4402	2	8
4403	1	57
4404	1	57
4405	1	63
4406	1	67
4407	1	8
4408	1	72
4409	1	63
4410	1	67
4411	1	85
4412	1	16
4413	1	48
4414	1	2
4415	1	41
4416	1	26
4417	1	3
4418	1	32
4419	1	78
4420	1	67
4421	1	63
4422	1	55
4423	1	19
4424	1	98
4425	1	8
4426	1	22
4427	1	79
4428	1	62
4429	1	26
4430	1	79
4431	1	80
4432	1	97
4433	1	42
4434	1	89
4435	1	33
4436	1	91
4437	1	93
4438	1	64
4439	1	31
4440	1	85
4441	1	52
4442	1	10
4443	1	45
4444	1	24
4445	1	78
4446	1	87
4447	1	55
4448	1	11
4449	1	7
4450	1	1
4451	1	79
4452	1	7
4453	1	47
4454	1	86
4455	1	22
4456	1	89
4457	1	62
4458	1	53
4459	1	8
4460	1	62
4461	1	97
4462	1	43
4463	1	89
4464	1	34
4465	1	85
4466	1	69
4467	1	65
4468	1	26
4469	1	98
4470	1	6
4471	1	50
4472	1	76
4473	1	60
4474	1	35
4475	1	50
4476	1	18
4477	1	27
4478	1	33
4479	1	63
4480	1	33
4481	1	71
4482	1	20
4483	1	81
4484	1	32
4485	1	26
4486	1	2
4487	1	41
4488	1	87
4489	1	8
4490	1	20
4491	1	27
4492	1	48
4493	1	80
4494	1	23
4495	1	11
4496	1	94
4497	1	3
4498	1	69
4499	1	41
4500	2	23
4501	1	69
4502	1	9
4503	1	63
4504	1	83
4505	1	90
4506	1	5
4507	1	77
4508	1	75
4509	1	34
4510	1	83
4511	1	16
4512	1	23
4513	1	30
4514	1	51
4515	1	36
4516	1	9
4517	1	69
4518	1	99
4519	1	33
4520	1	90
4521	1	81
4522	1	15
4523	1	64
4524	1	2
4525	1	69
4526	1	44
4527	1	90
4528	1	32
4529	1	48
4530	1	89
4531	1	34
4532	1	35
4533	1	46
4534	1	97
4535	1	85
4536	1	27
4537	1	6
4538	1	50
4539	1	91
4540	1	34
4541	1	26
4542	1	57
4543	1	90
4544	1	67
4545	1	8
4546	1	14
4547	1	41
4548	1	16
4549	1	75
4550	1	69
4551	1	31
4552	1	79
4553	1	51
4554	1	55
4555	1	75
4556	1	95
4557	1	88
4558	1	14
4559	1	70
4560	1	12
4561	1	31
4562	2	96
4563	1	20
4564	1	31
4565	1	20
4566	1	17
4567	1	72
4568	1	9
4569	1	20
4570	1	80
4571	1	31
4572	1	90
4573	2	17
4574	1	22
4575	1	41
4576	1	3
4577	1	79
4578	1	40
4579	1	8
4580	1	90
4581	1	74
4582	1	90
4583	1	66
4584	1	16
4585	1	8
4586	1	14
4587	1	14
4588	1	13
4589	1	90
4590	1	45
4591	1	24
4592	1	67
4593	1	11
4594	1	41
4595	1	90
4596	1	74
4597	1	58
4598	1	84
4599	1	97
4600	1	20
4601	1	16
4602	1	67
4603	1	69
4604	1	94
4605	1	16
4606	1	90
4607	1	97
4608	1	80
4609	1	99
4610	1	16
4611	1	90
4612	1	45
4613	1	26
4614	1	68
4615	1	21
4616	1	90
4617	1	9
4618	1	6
4619	1	27
4620	1	88
4621	1	42
4622	1	2
4623	1	54
4624	2	56
4625	1	61
4626	2	72
4627	1	79
4628	1	2
4629	1	39
4630	1	1
4631	1	79
4632	1	90
4633	1	60
4634	1	94
4635	1	21
4636	1	93
4637	1	93
4638	1	33
4639	1	29
4640	1	91
4641	1	91
4642	1	57
4643	1	69
4644	1	71
4645	1	26
4646	1	64
4647	1	74
4648	1	78
4649	1	89
4650	1	78
4651	1	8
4652	1	37
4653	1	70
4654	1	17
4655	1	64
4656	1	69
4657	1	67
4658	1	59
4659	1	52
4660	1	60
4661	1	51
4662	1	44
4663	1	83
4664	1	25
4665	1	66
4666	1	5
4667	1	37
4668	1	51
4669	1	46
4670	2	48
4671	1	68
4672	2	90
4673	1	39
4674	1	91
4675	1	55
4676	1	93
4677	1	63
4678	1	28
4679	1	3
4680	1	38
4681	1	75
4682	1	47
4683	1	20
4684	1	97
4685	1	75
4686	1	20
4687	1	96
4688	1	79
4689	1	54
4690	1	53
4691	1	20
4692	1	7
4693	1	38
4694	1	1
4695	1	29
4696	1	40
4697	1	98
4698	1	30
4699	1	10
4700	1	74
4701	1	2
4702	1	68
4703	1	7
4704	1	80
4705	1	55
4706	1	86
4707	1	75
4708	1	69
4709	1	90
4710	1	44
4711	1	6
4712	1	67
4713	2	31
4714	1	20
4715	1	10
4716	1	60
4717	1	45
4718	1	25
4719	1	36
4720	1	50
4721	1	90
4722	1	89
4723	1	33
4724	1	60
4725	1	29
4726	1	67
4727	1	80
4728	1	58
4729	1	46
4730	2	22
4731	1	20
4732	1	81
4733	1	20
4734	1	28
4735	1	75
4736	1	38
4737	1	50
4738	1	80
4739	1	49
4740	1	14
4741	1	20
4742	1	36
4743	1	1
4744	1	73
4745	1	69
4746	1	26
4747	1	27
4748	1	45
4749	1	93
4750	1	39
4751	1	95
4752	1	30
4753	1	34
4754	2	65
4755	2	41
4756	1	90
4757	1	20
4758	1	94
4759	1	20
4760	1	16
4761	1	12
4762	1	85
4763	1	39
4764	1	61
4765	1	1
4766	1	88
4767	1	28
4768	1	77
4769	1	93
4770	1	60
4771	1	56
4772	1	56
4773	1	2
4774	2	55
4775	2	96
4776	1	17
4777	1	50
4778	1	36
4779	1	15
4780	1	16
4781	1	81
4782	1	16
4783	1	58
4784	1	10
4785	1	79
4786	1	68
4787	1	80
4788	1	70
4789	1	23
4790	1	63
4791	1	95
4792	1	97
4793	1	32
4794	1	65
4795	1	55
4796	1	79
4797	1	95
4798	1	78
4799	1	60
4800	1	46
4801	1	67
4802	1	2
4803	1	3
4804	1	17
4805	1	21
4806	1	19
4807	1	28
4808	1	19
4809	1	80
4810	1	98
4811	1	7
4812	1	29
4813	1	29
4814	1	36
4815	1	3
4816	1	67
4817	1	63
4818	1	49
4819	1	36
4820	1	79
4821	1	69
4822	1	86
4823	1	26
4824	1	13
4825	1	20
4826	1	23
4827	1	28
4828	1	34
4829	1	40
4830	1	49
4831	1	66
4832	1	44
4833	1	16
4834	1	67
4835	1	79
4836	1	85
4837	1	23
4838	1	36
4839	2	77
4840	1	62
4841	1	75
4842	1	81
4843	1	59
4844	1	82
4845	1	80
4846	1	31
4847	1	55
4848	1	79
4849	1	89
4850	1	12
4851	1	94
4852	1	9
4853	1	77
4854	1	41
4855	1	41
4856	1	79
4857	1	91
4858	1	78
4859	1	68
4860	1	90
4861	1	46
4862	1	3
4863	1	58
4864	1	29
4865	1	67
4866	1	56
4867	1	31
4868	1	67
4869	1	12
4870	1	6
4871	1	32
4872	1	35
4873	1	11
4874	1	71
4875	1	99
4876	1	26
4877	1	60
4878	1	80
4879	1	76
4880	1	16
4881	2	77
4882	1	48
4883	1	6
4884	1	41
4885	1	36
4886	1	65
4887	1	89
4888	1	58
4889	1	90
4890	1	11
4891	1	31
4892	1	17
4893	1	91
4894	1	67
4895	1	69
4896	1	55
4897	1	49
4898	1	10
4899	1	51
4900	1	43
4901	1	95
4902	1	81
4903	1	44
4904	1	65
4905	1	49
4906	1	22
4907	1	5
4908	1	42
4909	1	29
4910	1	80
4911	1	97
4912	1	33
4913	1	65
4914	2	16
4915	1	55
4916	1	37
4917	1	80
4918	1	96
4919	1	68
4920	1	78
4921	1	97
4922	1	47
4923	1	89
4924	1	52
4925	1	86
4926	1	79
4927	1	29
4928	1	18
4929	1	96
4930	1	34
4931	1	69
4932	1	65
4933	1	16
4934	1	46
4935	1	83
4936	1	17
4937	1	24
4938	1	31
4939	1	90
4940	1	88
4941	1	34
4942	1	59
4943	1	20
4944	1	80
4945	1	55
4946	1	22
4947	1	15
4948	1	14
4949	1	18
4950	1	42
4951	1	2
4952	2	8
4953	1	31
4954	1	58
4955	1	79
4956	1	79
4957	1	21
4958	1	48
4959	1	58
4960	1	27
4961	1	5
4962	1	29
4963	1	82
4964	1	70
4965	1	43
4966	1	31
4967	1	58
4968	1	46
4969	1	3
4970	1	15
4971	1	18
4972	1	10
4973	1	23
4974	1	55
4975	1	77
4976	1	29
4977	1	91
4978	1	59
4979	1	86
4980	1	23
4981	1	86
4982	1	16
4983	1	23
4984	1	30
4985	1	46
4986	1	43
4987	1	9
4988	1	41
4989	1	91
4990	1	49
4991	1	68
4992	1	18
4993	1	17
4994	1	25
4995	1	4
4996	1	34
4997	1	60
4998	1	59
4999	1	80
5000	1	16
5001	1	13
5002	1	69
5003	1	30
5004	1	39
5005	1	25
5006	1	71
5007	1	79
5008	1	26
5009	1	66
5010	1	89
5011	1	20
5012	1	25
5013	1	26
5014	1	67
5015	1	16
5016	1	98
5017	1	85
5018	1	49
5019	1	87
5020	1	7
5021	1	50
5022	1	79
5023	1	99
5024	1	79
5025	1	69
5026	1	83
5027	1	84
5028	1	80
5029	1	23
5030	1	69
5031	1	97
5032	1	80
5033	1	79
5034	1	86
5035	1	76
5036	1	99
5037	1	39
5038	1	26
5039	1	92
5040	1	39
5041	1	9
5042	1	9
5043	1	6
5044	1	80
5045	1	36
5046	1	17
5047	1	31
5048	1	16
5049	1	43
5050	1	67
5051	1	7
5052	1	44
5053	1	21
5054	1	55
5055	1	66
5056	1	61
5057	1	79
5058	1	24
5059	2	90
5060	1	21
5061	1	65
5062	1	79
5063	1	63
5064	1	88
5065	1	97
5066	1	31
5067	1	45
5068	1	31
5069	1	37
5070	1	3
5071	1	55
5072	1	16
5073	1	52
5074	1	85
5075	1	50
5076	1	2
5077	1	68
5078	1	57
5079	1	82
5080	1	14
5081	1	68
5082	1	79
5083	1	29
5084	1	41
5085	1	86
5086	1	11
5087	1	87
5088	1	55
5089	1	8
5090	1	85
5091	1	41
5092	1	49
5093	1	12
5094	1	11
5095	1	94
5096	1	35
5097	1	9
5098	1	49
5099	1	15
5100	2	31
5101	1	67
5102	1	28
5103	1	78
5104	1	13
5105	1	55
5106	1	18
5107	1	61
5108	1	13
5109	1	2
5110	1	32
5111	1	97
5112	1	63
5113	1	81
5114	1	72
5115	1	66
5116	1	88
5117	1	93
5118	1	29
5119	1	55
5120	1	78
5121	1	80
5122	1	35
5123	1	16
5124	1	13
5125	1	96
5126	1	3
5127	1	50
5128	1	56
5129	1	12
5130	1	27
5131	2	12
5132	1	18
5133	1	89
5134	1	21
5135	1	75
5136	1	49
5137	1	3
5138	1	99
5139	1	51
5140	1	80
5141	1	51
5142	1	95
5143	1	85
5144	1	82
5145	1	16
5146	1	50
5147	1	80
5148	1	90
5149	1	55
5150	1	85
5151	1	22
5152	1	5
5153	1	18
5154	1	29
5155	1	76
5156	1	29
5157	1	79
5158	1	83
5159	1	2
5160	1	2
5161	1	25
5162	1	33
5163	1	29
5164	1	74
5165	1	95
5166	1	31
5167	1	55
5168	1	16
5169	1	16
5170	1	23
5171	1	3
5172	1	71
5173	1	39
5174	1	48
5175	1	87
5176	1	75
5177	1	80
5178	1	60
5179	1	67
5180	1	62
5181	1	90
5182	1	35
5183	1	99
5184	1	25
5185	1	52
5186	1	69
5187	1	73
5188	2	81
5189	1	48
5190	1	27
5191	1	55
5192	1	36
5193	1	69
5194	1	81
5195	1	22
5196	1	9
5197	1	8
5198	1	92
5199	1	67
5200	1	26
5201	1	23
5202	1	76
5203	1	89
5204	1	25
5205	1	13
5206	1	41
5207	1	20
5208	1	90
5209	1	82
5210	1	84
5211	1	55
5212	1	8
5213	1	5
5214	1	24
5215	1	36
5216	1	23
5217	1	89
5218	1	32
5219	1	2
5220	1	74
5221	1	11
5222	1	15
5223	1	50
5224	1	66
5225	1	68
5226	1	20
5227	1	86
5228	1	36
5229	1	99
5230	1	40
5231	1	36
5232	1	1
5233	1	14
5234	1	35
5235	1	23
5236	1	66
5237	1	12
5238	1	55
5239	1	17
5240	1	95
5241	1	67
5242	1	85
5243	1	3
5244	1	2
5245	1	69
5246	1	67
5247	1	66
5248	1	19
5249	1	66
5250	1	3
5251	1	67
5252	1	42
5253	1	90
5254	1	31
5255	1	6
5256	2	91
5257	1	78
5258	1	69
5259	1	69
5260	1	48
5261	1	51
5262	1	51
5263	1	18
5264	1	48
5265	1	84
5266	1	31
5267	1	19
5268	1	45
5269	1	51
5270	1	61
5271	1	94
5272	1	8
5273	1	46
5274	1	85
5275	1	16
5276	1	12
5277	1	79
5278	1	67
5279	1	94
5280	1	19
5281	1	97
5282	1	82
5283	1	35
5284	1	91
5285	1	81
5286	1	61
5287	1	90
5288	1	16
5289	1	75
5290	1	99
5291	1	10
5292	1	82
5293	1	86
5294	1	44
5295	1	47
5296	1	18
5297	1	46
5298	1	10
5299	1	72
5300	1	67
5301	2	19
5302	1	41
5303	1	72
5304	1	42
5305	1	69
5306	1	26
5307	1	29
5308	1	82
5309	1	79
5310	1	69
5311	1	71
5312	1	18
5313	1	51
5314	1	56
5315	1	23
5316	1	82
5317	1	27
5318	1	61
5319	1	14
5320	1	69
5321	1	75
5322	1	2
5323	1	90
5324	1	16
5325	1	54
5326	1	67
5327	1	63
5328	1	12
5329	1	3
5330	1	58
5331	1	6
5332	1	75
5333	1	86
5334	1	18
5335	1	79
5336	1	46
5337	1	31
5338	1	96
5339	1	24
5340	1	46
5341	1	97
5342	1	69
5343	1	34
5344	1	35
5345	1	69
5346	1	69
5347	1	16
5348	1	34
5349	1	68
5350	1	29
5351	1	82
5352	1	47
5353	1	54
5354	1	55
5355	1	56
5356	1	8
5357	1	69
5358	1	53
5359	1	8
5360	1	45
5361	1	86
5362	1	61
5363	1	19
5364	1	67
5365	1	11
5366	1	29
5367	1	31
5368	1	58
5369	1	31
5370	1	17
5371	1	90
5372	1	75
5373	1	79
5374	1	61
5375	1	88
5376	1	36
5377	1	53
5378	1	99
5379	1	1
5380	1	33
5381	1	69
5382	1	72
5383	1	69
5384	1	39
5385	1	69
5386	1	53
5387	1	69
5388	1	10
5389	1	2
5390	1	27
5391	1	46
5392	1	16
5393	1	41
5394	1	72
5395	1	51
5396	2	49
5397	1	12
5398	1	72
5399	1	85
5400	1	30
5401	1	61
5402	1	73
5403	1	44
5404	1	69
5405	1	92
5406	1	9
5407	1	13
5408	1	51
5409	1	90
5410	1	16
5411	1	39
5412	1	31
5413	1	51
5414	1	28
5415	1	69
5416	1	2
5417	1	3
5418	1	43
5419	1	96
5420	1	24
5421	1	95
5422	1	84
5423	2	54
5424	1	67
5425	1	97
5426	1	68
5427	1	67
5428	1	30
5429	1	16
5430	1	85
5431	1	69
5432	1	46
5433	1	26
5434	1	12
5435	1	35
5436	1	11
5437	1	38
5438	1	17
5439	1	82
5440	1	89
5441	1	65
5442	1	15
5443	1	44
5444	1	4
5445	2	77
5446	1	83
5447	1	3
5448	1	36
5449	1	41
5450	1	99
5451	1	16
5452	1	90
5453	1	70
5454	1	88
5455	1	75
5456	1	93
5457	1	98
5458	1	30
5459	1	2
5460	1	65
5461	1	10
5462	1	97
5463	1	27
5464	1	50
5465	1	75
5466	1	12
5467	1	90
5468	1	79
5469	2	81
5470	1	88
5471	1	9
5472	1	7
5473	1	97
5474	1	16
5475	1	8
5476	1	8
5477	1	31
5478	1	8
5479	2	47
5480	1	97
5481	1	50
5482	1	1
5483	1	10
5484	1	22
5485	1	18
5486	1	28
5487	1	8
5488	1	20
5489	1	33
5490	1	78
5491	1	16
5492	1	39
5493	1	81
5494	1	3
5495	1	1
5496	1	34
5497	1	19
5498	1	10
5499	1	8
5500	1	57
5501	1	83
5502	1	67
5503	1	80
5504	1	3
5505	1	82
5506	2	33
5507	1	79
5508	1	91
5509	1	63
5510	1	21
5511	1	41
5512	1	31
5513	1	60
5514	1	3
5515	1	48
5516	1	54
5517	1	72
5518	1	75
5519	1	80
5520	1	32
5521	1	9
5522	1	29
5523	1	91
5524	1	28
5525	1	61
5526	1	69
5527	1	2
5528	1	16
5529	1	19
5530	1	66
5531	1	10
5532	1	10
5533	1	10
5534	1	65
5535	1	26
5536	1	44
5537	1	43
5538	1	83
5539	1	69
5540	1	3
5541	1	61
5542	1	39
5543	1	46
5544	1	33
5545	1	79
5546	1	68
5547	1	33
5548	1	80
5549	1	93
5550	1	96
5551	1	65
5552	1	61
5553	1	86
5554	1	63
5555	1	14
5556	1	6
5557	1	29
5558	1	95
5559	1	61
5560	1	69
5561	1	46
5562	1	13
5563	1	58
5564	1	6
5565	1	90
5566	1	82
5567	1	45
5568	1	68
5569	1	44
5570	1	39
5571	1	97
5572	1	3
5573	1	67
5574	1	81
5575	1	70
5576	1	41
5577	1	61
5578	1	88
5579	1	8
5580	1	58
5581	1	61
5582	1	31
5583	2	91
5584	1	6
5585	1	89
5586	1	81
5587	1	13
5588	1	90
5589	1	53
5590	1	73
5591	1	75
5592	1	18
5593	1	43
5594	1	28
5595	1	41
5596	1	53
5597	1	45
5598	1	5
5599	1	92
5600	1	13
5601	1	55
5602	1	12
5603	1	15
5604	1	14
5605	1	73
5606	1	31
5607	1	55
5608	1	12
5609	1	40
5610	1	22
5611	1	15
5612	1	92
5613	1	3
5614	1	69
5615	1	94
5616	1	94
5617	1	97
5618	1	85
5619	1	8
5620	1	56
5621	1	30
5622	1	54
5623	1	58
5624	1	67
5625	1	69
5626	1	26
5627	1	90
5628	1	6
5629	1	14
5630	1	51
5631	1	62
5632	1	85
5633	1	29
5634	1	29
5635	1	41
5636	1	39
5637	1	4
5638	1	11
5639	1	75
5640	1	1
5641	1	67
5642	1	18
5643	2	17
5644	1	31
5645	1	94
5646	1	54
5647	1	75
5648	1	81
5649	1	17
5650	1	90
5651	1	14
5652	1	63
5653	2	31
5654	1	66
5655	1	93
5656	1	25
5657	1	79
5658	1	67
5659	1	14
5660	1	97
5661	1	65
5662	1	16
5663	1	81
5664	1	22
5665	1	27
5666	1	76
5667	1	65
5668	1	69
5669	1	32
5670	1	62
5671	1	17
5672	1	54
5673	1	38
5674	1	66
5675	1	43
5676	2	54
5677	1	74
5678	1	53
5679	2	54
5680	1	17
5681	1	68
5682	1	89
5683	1	26
5684	1	98
5685	1	99
5686	2	42
5687	1	23
5688	1	65
5689	1	94
5690	1	34
5691	1	75
5692	2	38
5693	1	92
5694	1	21
5695	1	2
5696	2	98
5697	1	74
5698	1	56
5699	1	85
5700	1	94
5701	1	45
5702	1	2
5703	1	43
5704	1	43
5705	2	81
5706	1	18
5707	1	15
5708	1	39
5709	1	8
5710	1	81
5711	1	77
5712	1	56
5713	1	50
5714	1	54
5715	1	63
5716	1	67
5717	1	93
5718	1	34
5719	1	93
5720	1	3
5721	1	90
5722	1	19
5723	1	19
5724	2	90
5725	1	95
5726	1	57
5727	1	99
5728	1	5
5729	1	19
5730	1	56
5731	1	38
5732	1	88
5733	1	92
5734	1	2
5735	1	3
5736	1	17
5737	1	39
5738	1	39
5739	1	50
5740	1	83
5741	1	90
5742	1	19
5743	1	18
5744	1	7
5745	1	85
5746	1	92
5747	1	48
5748	2	8
5749	1	96
5750	1	77
5751	2	12
5752	1	16
5753	1	87
5754	1	76
5755	1	69
5756	1	51
5757	1	63
5758	1	69
5759	1	15
5760	1	6
5761	1	7
5762	1	27
5763	1	69
5764	1	69
5765	1	69
5766	1	57
5767	1	69
5768	1	73
5769	1	29
5770	1	58
5771	1	29
5772	1	16
5773	1	44
5774	1	40
5775	1	45
5776	1	67
5777	2	90
5778	1	94
5779	1	76
5780	1	86
5781	1	67
5782	1	90
5783	1	49
5784	1	61
5785	1	69
5786	2	67
5787	1	42
5788	1	69
5789	1	62
5790	1	16
5791	1	16
5792	1	67
5793	1	51
5794	1	12
5795	1	86
5796	1	84
5797	1	47
5798	1	67
5799	1	16
5800	1	78
5801	1	62
5802	1	89
5803	1	84
5804	1	85
5805	1	2
5806	2	75
5807	1	8
5808	1	57
5809	1	94
5810	1	30
5811	1	8
5812	2	96
5813	1	54
5814	1	69
5815	1	75
5816	1	9
5817	1	70
5818	1	82
5819	1	75
5820	1	58
5821	1	90
5822	2	8
5823	1	32
5824	1	19
5825	1	78
5826	1	21
5827	1	65
5828	1	87
5829	1	42
5830	2	54
5831	1	69
5832	1	67
5833	1	17
5834	1	42
5835	1	55
5836	1	18
5837	1	74
5838	1	67
5839	1	3
5840	1	69
5841	1	46
5842	1	69
5843	1	69
5844	1	6
5845	1	69
5846	1	62
5847	1	18
5848	2	90
5849	1	15
5850	1	75
5851	1	47
5852	1	6
5853	1	85
5854	1	95
5855	1	48
5856	1	46
5857	1	34
5858	1	97
5859	1	22
5860	1	50
5861	1	31
5862	1	86
5863	1	3
5864	1	3
5865	1	53
5866	1	9
5867	1	39
5868	1	99
5869	1	50
5870	1	23
5871	1	45
5872	1	16
5873	1	1
5874	1	44
5875	1	11
5876	1	8
5877	1	16
5878	1	95
5879	1	75
5880	1	36
5881	1	91
5882	1	40
5883	1	47
5884	1	33
5885	1	16
5886	1	16
5887	1	17
5888	1	15
5889	1	76
5890	1	75
5891	1	57
5892	1	79
5893	1	31
5894	1	31
5895	1	44
5896	1	45
5897	1	31
5898	1	77
5899	1	73
5900	1	4
5901	1	50
5902	1	58
5903	1	21
5904	1	68
5905	1	34
5906	1	8
5907	1	61
5908	1	61
5909	1	73
5910	1	45
5911	1	26
5912	1	85
5913	1	79
5914	2	30
5915	1	6
5916	1	79
5917	1	79
5918	1	71
5919	1	10
5920	1	94
5921	1	12
5922	1	32
5923	1	55
5924	1	12
5925	1	82
5926	1	17
5927	1	2
5928	2	51
5929	1	51
5930	1	79
5931	1	65
5932	1	38
5933	1	80
5934	1	79
5935	1	57
5936	1	6
5937	1	31
5938	1	42
5939	1	51
5940	1	75
5941	1	16
5942	1	90
5943	1	79
5944	1	76
5945	1	42
5946	1	31
5947	2	5
5948	1	56
5949	1	90
5950	1	25
5951	1	94
5952	1	22
5953	1	48
5954	1	75
5955	2	96
5956	1	19
5957	2	23
5958	2	81
5959	1	2
5960	1	40
5961	1	29
5962	1	29
5963	1	32
5964	1	97
5965	1	97
5966	1	30
5967	1	29
5968	1	10
5969	1	17
5970	1	6
5971	1	79
5972	1	94
5973	1	97
5974	1	47
5975	1	28
5976	1	28
5977	1	63
5978	1	68
5979	1	85
5980	1	6
5981	1	71
5982	2	33
5983	1	8
5984	1	64
5985	1	15
5986	1	96
5987	1	63
5988	1	73
5989	1	85
5990	1	29
5991	1	96
5992	1	79
5993	1	60
5994	1	70
5995	1	30
5996	1	67
5997	1	66
5998	1	81
5999	1	94
6000	1	5
6001	1	90
6002	1	12
6003	1	38
6004	1	87
6005	1	49
6006	2	54
6007	1	33
6008	1	64
6009	1	69
6010	1	18
6011	1	23
6012	1	10
6013	1	54
6014	1	36
6015	1	40
6016	1	6
6017	2	47
6018	1	90
6019	1	70
6020	1	69
6021	1	90
6022	1	55
6023	1	45
6024	1	28
6025	1	27
6026	1	90
6027	1	92
6028	1	39
6029	1	56
6030	1	54
6031	1	5
6032	1	92
6033	1	36
6034	1	14
6035	1	29
6036	1	20
6037	1	30
6038	1	37
6039	1	90
6040	1	54
6041	1	79
6042	1	25
6043	1	77
6044	1	63
6045	1	68
6046	1	67
6047	1	61
6048	1	35
6049	1	85
6050	1	4
6051	1	43
6052	1	85
6053	2	35
6054	1	79
6055	1	75
6056	1	29
6057	1	31
6058	1	4
6059	1	42
6060	1	17
6061	1	59
6062	1	76
6063	1	88
6064	1	83
6065	1	85
6066	1	69
6067	1	60
6068	1	75
6069	1	14
6070	1	9
6071	1	55
6072	1	71
6073	2	67
6074	1	10
6075	1	65
6076	1	77
6077	1	85
6078	1	33
6079	1	58
6080	1	87
6081	1	25
6082	1	90
6083	1	87
6084	1	50
6085	1	65
6086	1	79
6087	1	76
6088	1	2
6089	1	5
6090	1	80
6091	1	24
6092	1	76
6093	1	29
6094	1	23
6095	1	9
6096	1	34
6097	1	12
6098	1	3
6099	1	7
6100	1	5
6101	1	85
6102	1	46
6103	1	75
6104	1	79
6105	1	42
6106	1	33
6107	2	97
6108	1	51
6109	1	35
6110	1	22
6111	1	67
6112	1	45
6113	1	7
6114	1	76
6115	1	91
6116	1	98
6117	1	79
6118	1	5
6119	1	42
6120	1	11
6121	1	37
6122	1	60
6123	2	70
6124	1	58
6125	1	72
6126	1	29
6127	1	25
6128	1	23
6129	1	6
6130	1	29
6131	1	21
6132	1	58
6133	1	90
6134	1	15
6135	1	66
6136	1	2
6137	1	75
6138	1	9
6139	1	64
6140	1	90
6141	1	66
6142	1	85
6143	1	73
6144	1	14
6145	1	79
6146	2	70
6147	1	36
6148	1	36
6149	1	90
6150	1	69
6151	1	19
6152	1	46
6153	1	37
6154	1	1
6155	1	68
6156	1	91
6157	1	88
6158	1	38
6159	1	75
6160	1	90
6161	1	84
6162	1	42
6163	1	75
6164	1	3
6165	1	41
6166	1	41
6167	1	93
6168	1	14
6169	1	62
6170	2	77
6171	2	70
6172	1	16
6173	1	74
6174	1	63
6175	1	87
6176	1	63
6177	1	76
6178	1	21
6179	1	48
6180	1	37
6181	1	95
6182	1	16
6183	1	26
6184	1	80
6185	1	88
6186	1	98
6187	1	52
6188	1	3
6189	1	95
6190	1	38
6191	2	25
6192	1	31
6193	1	1
6194	1	91
6195	1	84
6196	1	55
6197	1	18
6198	1	32
6199	1	25
6200	1	18
6201	1	92
6202	1	85
6203	1	29
6204	1	95
6205	1	29
6206	1	8
6207	1	44
6208	1	79
6209	1	19
6210	1	38
6211	1	36
6212	1	78
6213	1	37
6214	1	10
6215	1	80
6216	2	2
6217	1	19
6218	1	27
6219	1	33
6220	1	37
6221	1	65
6222	1	62
6223	2	45
6224	1	97
6225	1	68
6226	2	54
6227	1	58
6228	1	30
6229	1	8
6230	1	10
6231	1	9
6232	1	29
6233	1	91
6234	1	85
6235	1	26
6236	1	40
6237	1	58
6238	1	69
6239	1	63
6240	1	53
6241	1	88
6242	1	80
6243	1	55
6244	1	80
6245	1	12
6246	1	80
6247	1	94
6248	1	83
6249	1	97
6250	1	50
6251	1	2
6252	1	64
6253	1	84
6254	1	81
6255	1	99
6256	1	24
6257	1	42
6258	2	57
6259	1	23
6260	1	2
6261	1	39
6262	1	96
6263	1	9
6264	1	70
6265	1	51
6266	1	60
6267	1	80
6268	1	80
6269	1	81
6270	1	8
6271	1	84
6272	1	88
6273	1	3
6274	1	94
6275	1	89
6276	1	7
6277	1	63
6278	1	70
6279	1	91
6280	1	36
6281	1	26
6282	1	29
6283	1	43
6284	1	79
6285	2	35
6286	1	1
6287	1	74
6288	1	51
6289	1	26
6290	1	35
6291	1	36
6292	1	51
6293	1	45
6294	1	63
6295	1	29
6296	1	98
6297	1	8
6298	1	27
6299	1	33
6300	1	5
6301	1	77
6302	1	58
6303	1	96
6304	1	60
6305	1	82
6306	1	91
6307	1	30
6308	1	82
6309	1	35
6310	1	37
6311	1	9
6312	1	26
6313	1	28
6314	1	21
6315	1	81
6316	1	31
6317	1	78
6318	1	52
6319	1	20
6320	1	80
6321	1	23
6322	1	26
6323	1	88
6324	1	19
6325	1	69
6326	1	27
6327	1	9
6328	1	26
6329	1	75
6330	1	9
6331	1	33
6332	1	40
6333	1	20
6334	1	91
6335	1	87
6336	1	86
6337	1	25
6338	1	33
6339	1	20
6340	1	84
6341	1	45
6342	1	66
6343	2	55
6344	1	65
6345	1	99
6346	1	62
6347	1	55
6348	2	17
6349	1	99
6350	1	47
6351	1	80
6352	1	13
6353	1	42
6354	1	15
6355	1	34
6356	1	21
6357	1	36
6358	1	36
6359	1	7
6360	1	33
6361	1	28
6362	1	58
6363	1	58
6364	1	80
6365	1	99
6366	1	16
6367	1	52
6368	1	13
6369	1	22
6370	1	43
6371	1	82
6372	1	30
6373	1	5
6374	1	71
6375	1	62
6376	1	30
6377	1	9
6378	1	11
6379	1	46
6380	1	57
6381	1	87
6382	1	38
6383	1	69
6384	1	58
6385	1	59
6386	1	62
6387	1	46
6388	1	82
6389	1	27
6390	1	51
6391	1	55
6392	1	39
6393	1	16
6394	1	64
6395	1	63
6396	1	95
6397	1	60
6398	1	69
6399	1	2
6400	1	98
6401	1	17
6402	1	16
6403	1	54
6404	1	73
6405	1	60
6406	1	91
6407	1	20
6408	1	73
6409	1	84
6410	1	41
6411	1	16
6412	1	71
6413	1	68
6414	1	8
6415	1	25
6416	1	51
6417	1	80
6418	1	35
6419	1	82
6420	1	75
6421	1	87
6422	1	87
6423	1	79
6424	1	46
6425	1	32
6426	1	68
6427	1	64
6428	1	60
6429	1	18
6430	1	30
6431	1	69
6432	1	23
6433	1	25
6434	1	37
6435	1	98
6436	1	79
6437	1	20
6438	1	65
6439	1	26
6440	1	71
6441	1	36
6442	1	29
6443	1	34
6444	1	40
6445	1	79
6446	1	89
6447	1	63
6448	1	29
6449	1	51
6450	1	58
6451	1	57
6452	1	70
6453	1	58
6454	1	96
6455	1	16
6456	1	86
6457	1	6
6458	1	50
6459	1	7
6460	1	15
6461	1	48
6462	1	93
6463	1	58
6464	1	99
6465	1	75
6466	1	27
6467	1	16
6468	1	72
6469	1	71
6470	1	51
6471	1	21
6472	1	76
6473	1	16
6474	1	85
6475	1	18
6476	1	5
6477	1	28
6478	1	58
6479	1	80
6480	1	92
6481	1	73
6482	1	87
6483	1	69
6484	1	68
6485	1	99
6486	1	31
6487	1	3
6488	1	83
6489	1	47
6490	1	12
6491	1	22
6492	1	5
6493	1	76
6494	1	68
6495	1	18
6496	1	18
6497	1	74
6498	1	27
6499	1	83
6500	1	55
6501	1	86
6502	1	56
6503	1	7
6504	1	1
6505	1	60
6506	1	75
6507	1	88
6508	1	52
6509	1	53
6510	1	48
6511	1	18
6512	1	79
6513	1	77
6514	1	37
6515	1	33
6516	1	63
6517	1	87
6518	1	69
6519	1	2
6520	1	47
6521	1	67
6522	1	33
6523	1	48
6524	1	46
6525	1	70
6526	1	59
6527	1	80
6528	1	12
6529	1	67
6530	1	24
6531	1	33
6532	1	51
6533	1	90
6534	1	38
6535	1	85
6536	1	15
6537	1	90
6538	1	16
6539	1	24
6540	1	79
6541	1	15
6542	1	6
6543	1	32
6544	1	47
6545	1	16
6546	1	28
6547	1	78
6548	1	63
6549	1	15
6550	1	21
6551	1	46
6552	1	90
6553	1	59
6554	1	51
6555	1	62
6556	1	69
6557	1	67
6558	1	79
6559	1	80
6560	1	11
6561	1	95
6562	1	76
6563	1	74
6564	1	66
6565	1	47
6566	1	16
6567	1	54
6568	1	99
6569	1	8
6570	1	21
6571	1	90
6572	1	75
6573	1	31
6574	1	85
6575	1	9
6576	1	2
6577	1	54
6578	1	90
6579	1	10
6580	1	91
6581	1	60
6582	1	26
6583	1	20
6584	1	20
6585	1	88
6586	1	46
6587	1	55
6588	1	46
6589	1	52
6590	1	86
6591	1	79
6592	1	12
6593	1	79
6594	1	84
6595	1	50
6596	1	68
6597	1	55
6598	1	97
6599	1	13
6600	1	12
6601	1	62
6602	1	86
6603	1	52
6604	1	88
6605	1	35
6606	1	64
6607	1	69
6608	1	29
6609	1	94
6610	1	31
6611	1	38
6612	1	91
6613	1	79
6614	1	78
6615	1	77
6616	1	88
6617	1	18
6618	1	11
6619	1	8
6620	1	63
6621	1	69
6622	1	14
6623	1	11
6624	1	12
6625	2	70
6626	1	36
6627	1	7
6628	1	47
6629	1	31
6630	1	86
6631	1	80
6632	1	19
6633	1	90
6634	1	26
6635	2	8
6636	1	54
6637	1	16
6638	1	52
6639	1	33
6640	1	67
6641	1	96
6642	1	72
6643	1	39
6644	1	45
6645	1	11
6646	1	60
6647	1	16
6648	1	15
6649	1	3
6650	1	94
6651	1	30
6652	1	41
6653	1	20
6654	1	85
6655	1	92
6656	1	92
6657	1	49
6658	1	41
6659	1	79
6660	1	80
6661	1	40
6662	1	4
6663	1	68
6664	1	4
6665	1	85
6666	1	9
6667	1	71
6668	1	77
6669	1	56
6670	1	18
6671	1	54
6672	1	90
6673	1	5
6674	1	56
6675	1	93
6676	1	11
6677	1	90
6678	1	62
6679	1	97
6680	1	86
6681	1	66
6682	1	96
6683	1	73
6684	1	65
6685	1	36
6686	1	30
6687	1	69
6688	1	26
6689	1	77
6690	1	93
6691	1	16
6692	1	2
6693	1	51
6694	1	43
6695	1	53
6696	1	47
6697	1	65
6698	1	80
6699	1	18
6700	1	80
6701	1	20
6702	1	8
6703	1	38
6704	1	72
6705	1	16
6706	1	82
6707	1	61
6708	1	97
6709	1	98
6710	1	7
6711	1	53
6712	1	2
6713	1	95
6714	1	97
6715	1	49
6716	1	37
6717	1	79
6718	1	75
6719	1	79
6720	1	75
6721	1	62
6722	1	45
6723	1	52
6724	1	35
6725	1	82
6726	1	2
6727	1	98
6728	1	62
6729	1	90
6730	1	85
6731	1	71
6732	1	41
6733	1	36
6734	1	85
6735	1	37
6736	1	69
6737	1	85
6738	1	51
6739	1	63
6740	1	75
6741	1	31
6742	1	93
6743	1	55
6744	1	91
6745	1	56
6746	1	36
6747	1	64
6748	1	29
6749	1	16
6750	1	90
6751	1	87
6752	1	70
6753	1	38
6754	1	4
6755	1	79
6756	1	79
6757	1	85
6758	1	11
6759	1	32
6760	1	2
6761	1	25
6762	1	1
6763	1	21
6764	1	38
6765	1	85
6766	1	10
6767	1	37
6768	1	39
6769	2	65
6770	1	15
6771	1	2
6772	1	3
6773	1	54
6774	1	3
6775	1	27
6776	1	88
6777	1	64
6778	1	41
6779	1	79
6780	1	25
6781	1	55
6782	1	28
6783	1	41
6784	1	75
6785	1	76
6786	1	73
6787	1	85
6788	1	3
6789	1	13
6790	1	60
6791	1	41
6792	1	1
6793	1	95
6794	1	22
6795	1	67
6796	1	87
6797	1	3
6798	1	86
6799	1	90
6800	1	88
6801	1	32
6802	1	62
6803	1	9
6804	1	90
6805	1	3
6806	1	85
6807	1	33
6808	1	3
6809	1	64
6810	1	78
6811	1	69
6812	1	46
6813	1	89
6814	1	36
6815	1	21
6816	1	15
6817	1	33
6818	1	39
6819	1	52
6820	1	76
6821	1	69
6822	1	69
6823	1	20
6824	1	80
6825	1	63
6826	1	69
6827	1	82
6828	1	45
6829	1	18
6830	1	79
6831	1	60
6832	1	31
6833	1	82
6834	1	16
6835	1	46
6836	1	7
6837	1	83
6838	1	47
6839	1	31
6840	1	1
6841	1	18
6842	1	36
6843	1	69
6844	1	58
6845	1	25
6846	1	85
6847	1	77
6848	1	33
6849	1	6
6850	1	95
6851	1	85
6852	1	8
6853	1	80
6854	1	84
6855	1	12
6856	1	4
6857	1	34
6858	1	88
6859	1	3
6860	1	84
6861	1	33
6862	1	87
6863	1	87
6864	1	69
6865	1	97
6866	1	82
6867	1	82
6868	1	86
6869	1	42
6870	1	34
6871	1	31
6872	1	51
6873	1	51
6874	1	69
6875	1	83
6876	1	57
6877	1	85
6878	1	60
6879	1	17
6880	1	17
6881	1	55
6882	1	38
6883	1	57
6884	1	27
6885	1	16
6886	1	86
6887	1	12
6888	1	99
6889	1	58
6890	1	21
6891	1	39
6892	1	79
6893	1	56
6894	1	49
6895	1	2
6896	1	67
6897	1	35
6898	1	20
6899	1	16
6900	1	67
6901	1	92
6902	1	20
6903	1	58
6904	1	1
6905	1	46
6906	1	50
6907	1	27
6908	1	16
6909	1	57
6910	1	9
6911	1	54
6912	1	56
6913	1	32
6914	1	33
6915	1	29
6916	1	34
6917	1	93
6918	1	55
6919	1	20
6920	1	29
6921	1	68
6922	1	71
6923	1	69
6924	1	50
6925	1	85
6926	1	7
6927	1	79
6928	2	4
6929	1	85
6930	1	69
6931	1	62
6932	1	66
6933	1	17
6934	1	75
6935	1	75
6936	1	63
6937	1	79
6938	1	8
6939	1	32
6940	1	46
6941	1	4
6942	1	8
6943	1	75
6944	1	46
6945	1	10
6946	1	53
6947	1	64
6948	1	69
6949	1	25
6950	1	7
6951	1	90
6952	1	69
6953	1	75
6954	1	70
6955	1	84
6956	1	60
6957	1	61
6958	2	4
6959	1	31
6960	1	80
6961	1	68
6962	1	32
6963	1	18
6964	1	39
6965	1	84
6966	1	19
6967	1	15
6968	1	37
6969	1	82
6970	1	79
6971	1	76
6972	1	54
6973	1	34
6974	1	20
6975	1	84
6976	1	61
6977	1	47
6978	1	3
6979	1	67
6980	1	34
6981	1	75
6982	1	91
6983	1	60
6984	1	69
6985	1	24
6986	1	69
6987	1	16
6988	1	10
6989	1	38
6990	1	5
6991	1	51
6992	2	29
6993	1	43
6994	1	90
6995	1	89
6996	1	7
6997	1	3
6998	1	11
6999	1	69
7000	1	84
7001	1	29
7002	1	59
7003	1	9
7004	1	70
7005	1	78
7006	1	70
7007	1	32
7008	1	69
7009	1	93
7010	1	24
7011	1	29
7012	1	81
7013	1	75
7014	1	33
7015	1	51
7016	1	17
7017	1	96
7018	1	46
7019	1	39
7020	1	97
7021	1	39
7022	1	95
7023	1	17
7024	1	41
7025	1	4
7026	1	65
7027	1	32
7028	1	98
7029	1	60
7030	1	33
7031	1	15
7032	1	15
7033	1	15
7034	1	9
7035	1	42
7036	1	36
7037	1	4
7038	1	15
7039	1	74
7040	1	39
7041	1	67
7042	1	32
7043	1	51
7044	1	80
7045	1	26
7046	1	9
7047	1	5
7048	1	57
7049	1	97
7050	1	85
7051	1	7
7052	1	72
7053	1	46
7054	1	14
7055	1	61
7056	1	74
7057	2	45
7058	1	16
7059	1	56
7060	1	39
7061	1	35
7062	1	49
7063	1	55
7064	1	77
7065	1	68
7066	1	12
7067	1	81
7068	1	33
7069	1	66
7070	1	74
7071	1	90
7072	1	40
7073	1	2
7074	1	32
7075	1	91
7076	1	45
7077	1	10
7078	1	31
7079	1	18
7080	1	57
7081	1	48
7082	1	75
7083	1	96
7084	1	75
7085	1	67
7086	1	76
7087	1	15
7088	1	9
7089	1	8
7090	1	23
7091	1	5
7092	1	14
7093	1	79
7094	1	46
7095	1	63
7096	1	29
7097	1	18
7098	1	32
7099	1	6
7100	1	90
7101	1	8
7102	1	26
7103	1	56
7104	1	71
7105	1	90
7106	1	61
7107	1	90
7108	1	40
7109	1	76
7110	1	67
7111	1	76
7112	1	90
7113	1	62
7114	1	5
7115	1	67
7116	1	21
7117	1	40
7118	1	37
7119	1	2
7120	1	12
7121	1	29
7122	1	51
7123	1	8
7124	1	35
7125	1	92
7126	1	21
7127	1	90
7128	1	55
7129	1	83
7130	1	59
7131	1	64
7132	1	39
7133	1	25
7134	1	14
7135	1	3
7136	1	85
7137	1	27
7138	1	78
7139	1	63
7140	1	36
7141	1	64
7142	1	93
7143	1	60
7144	1	25
7145	1	22
7146	1	81
7147	1	60
7148	1	24
7149	1	79
7150	1	56
7151	1	5
7152	1	97
7153	1	80
7154	1	12
7155	1	40
7156	1	21
7157	1	39
7158	1	48
7159	2	45
7160	1	48
7161	1	86
7162	1	79
7163	1	86
7164	1	99
7165	1	97
7166	1	94
7167	1	96
7168	1	24
7169	1	39
7170	1	34
7171	1	34
7172	1	30
7173	1	93
7174	1	85
7175	1	92
7176	1	84
7177	1	14
7178	1	90
7179	1	57
7180	1	60
7181	1	69
7182	1	79
7183	1	16
7184	1	54
7185	1	47
7186	1	49
7187	1	6
7188	1	87
7189	1	78
7190	1	23
7191	1	48
7192	1	82
7193	1	85
7194	1	82
7195	1	84
7196	1	68
7197	1	14
7198	1	55
7199	1	55
7200	1	64
7201	1	92
7202	1	94
7203	1	66
7204	1	84
7205	1	37
7206	1	69
7207	1	43
7208	1	74
7209	1	97
7210	1	39
7211	1	23
7212	1	83
7213	1	46
7214	1	65
7215	1	80
7216	1	31
7217	1	67
7218	1	42
7219	1	2
7220	1	48
7221	1	83
7222	1	80
7223	1	85
7224	1	26
7225	1	55
7226	1	21
7227	1	85
7228	1	68
7229	1	7
7230	1	20
7231	1	99
7232	1	76
7233	1	13
7234	1	59
7235	1	46
7236	1	92
7237	1	85
7238	1	20
7239	1	12
7240	1	46
7241	1	48
7242	1	35
7243	1	79
7244	1	92
7245	1	40
7246	1	9
7247	1	6
7248	1	89
7249	1	10
7250	1	61
7251	1	49
7252	1	69
7253	1	75
7254	1	27
7255	1	16
7256	1	8
7257	1	97
7258	1	9
7259	1	41
7260	1	62
7261	1	10
7262	1	21
7263	1	51
7264	1	27
7265	1	23
7266	1	52
7267	1	69
7268	1	6
7269	1	35
7270	1	95
7271	1	18
7272	1	6
7273	1	72
7274	1	89
7275	1	95
7276	1	67
7277	1	94
7278	1	70
7279	1	2
7280	1	6
7281	1	41
7282	1	12
7283	1	61
7284	1	28
7285	1	69
7286	1	25
7287	1	75
7288	1	97
7289	1	67
7290	1	97
7291	1	83
7292	1	96
7293	1	16
7294	1	62
7295	1	12
7296	1	63
7297	1	67
7298	1	32
7299	1	2
7300	1	3
7301	1	97
7302	1	49
7303	1	29
7304	1	69
7305	1	34
7306	1	2
7307	1	14
7308	1	69
7309	1	6
7310	1	12
7311	1	67
7312	1	62
7313	1	79
7314	1	13
7315	1	31
7316	1	12
7317	1	75
7318	1	66
7319	1	66
7320	1	66
7321	1	34
7322	1	43
7323	1	69
7324	1	60
7325	1	17
7326	1	27
7327	1	3
7328	1	7
7329	1	43
7330	1	79
7331	1	54
7332	1	29
7333	1	5
7334	1	67
7335	1	38
7336	1	48
7337	1	12
7338	1	96
7339	1	88
7340	1	33
7341	1	55
7342	1	82
7343	1	82
7344	1	69
7345	1	73
7346	1	90
7347	1	80
7348	1	92
7349	1	58
7350	1	2
7351	1	45
7352	1	56
7353	1	5
7354	1	6
7355	1	75
7356	1	39
7357	1	28
7358	1	60
7359	1	38
7360	1	33
7361	1	25
7362	1	40
7363	1	27
7364	1	98
7365	2	64
7366	1	67
7367	1	50
7368	1	6
7369	1	72
7370	1	92
7371	1	51
7372	1	34
7373	1	23
7374	1	20
7375	1	16
7376	1	79
7377	1	55
7378	1	7
7379	1	16
7380	1	49
7381	1	52
7382	1	67
7383	1	52
7384	1	89
7385	1	25
7386	1	69
7387	1	23
7388	1	58
7389	1	76
7390	1	61
7391	1	59
7392	1	58
7393	1	47
7394	2	57
7395	1	44
7396	1	93
7397	1	78
7398	1	57
7399	1	61
7400	1	66
7401	1	76
7402	1	9
7403	1	33
7404	1	87
7405	1	74
7406	1	58
7407	1	34
7408	1	16
7409	1	43
7410	1	45
7411	1	16
7412	1	67
7413	1	70
7414	1	13
7415	1	47
7416	1	96
7417	1	53
7418	1	9
7419	2	21
7420	1	67
7421	2	6
7422	1	67
7423	1	75
7424	1	81
7425	1	82
7426	1	39
7427	1	99
7428	1	89
7429	1	1
7430	1	45
7431	1	50
7432	1	90
7433	1	70
7434	1	2
7435	1	75
7436	1	45
7437	1	29
7438	1	75
7439	1	2
7440	1	45
7441	1	75
7442	1	89
7443	1	43
7444	2	78
7445	1	63
7446	1	25
7447	1	21
7448	1	80
7449	1	93
7450	1	49
7451	1	38
7452	1	59
7453	1	92
7454	1	42
7455	1	64
7456	1	56
7457	1	61
7458	1	32
7459	1	39
7460	1	31
7461	1	25
7462	1	72
7463	1	18
7464	1	75
7465	1	64
7466	1	15
7467	1	78
7468	1	45
7469	1	55
7470	1	45
7471	1	84
7472	1	94
7473	1	23
7474	1	8
7475	1	99
7476	1	47
7477	1	69
7478	1	67
7479	1	17
7480	1	90
7481	1	85
7482	1	57
7483	1	42
7484	1	33
7485	1	50
7486	1	32
7487	1	97
7488	1	29
7489	1	15
7490	1	24
7491	1	61
7492	1	2
7493	1	18
7494	1	10
7495	1	42
7496	1	46
7497	1	84
7498	1	81
7499	1	90
7500	1	36
7501	1	80
7502	1	88
7503	1	2
7504	1	78
7505	2	78
7506	1	11
7507	1	47
7508	1	46
7509	1	33
7510	1	80
7511	2	70
7512	1	46
7513	1	90
7514	1	59
7515	1	99
7516	1	6
7517	1	82
7518	1	67
7519	1	73
7520	2	17
7521	1	8
7522	1	55
7523	1	88
7524	1	31
7525	2	17
7526	1	69
7527	1	70
7528	1	1
7529	1	80
7530	1	54
7531	1	30
7532	1	10
7533	1	23
7534	1	82
7535	1	69
7536	1	94
7537	1	77
7538	1	54
7539	1	61
7540	1	65
7541	1	84
7542	1	98
7543	1	95
7544	1	91
7545	1	75
7546	1	85
7547	1	60
7548	1	28
7549	1	90
7550	1	63
7551	1	6
7552	1	63
7553	1	44
7554	1	85
7555	1	13
7556	1	43
7557	1	40
7558	1	16
7559	1	82
7560	1	80
7561	1	55
7562	1	18
7563	1	6
7564	1	78
7565	1	69
7566	1	78
7567	1	87
7568	1	5
7569	1	70
7570	1	23
7571	1	57
7572	1	77
7573	1	58
7574	1	75
7575	1	47
7576	1	5
7577	1	25
7578	1	4
7579	1	26
7580	1	2
7581	1	1
7582	1	45
7583	1	63
7584	1	36
7585	1	5
7586	1	2
7587	1	43
7588	1	19
7589	1	90
7590	1	90
7591	1	48
7592	1	41
7593	1	15
7594	1	63
7595	1	15
7596	1	90
7597	1	67
7598	1	79
7599	1	97
7600	1	9
7601	1	49
7602	1	25
7603	1	76
7604	1	18
7605	1	14
7606	1	91
7607	1	14
7608	1	79
7609	1	16
7610	1	7
7611	1	7
7612	1	54
7613	1	53
7614	1	49
7615	1	57
7616	1	50
7617	1	3
7618	1	46
7619	1	29
7620	1	7
7621	1	1
7622	1	66
7623	1	32
7624	1	86
7625	1	31
7626	1	57
7627	1	62
7628	1	58
7629	1	71
7630	1	39
7631	1	6
7632	1	55
7633	1	8
7634	1	16
7635	1	30
7636	1	84
7637	1	73
7638	1	49
7639	1	19
7640	2	90
7641	1	5
7642	1	24
7643	1	90
7644	1	81
7645	1	31
7646	1	92
7647	1	46
7648	1	72
7649	1	42
7650	1	92
7651	1	40
7652	1	23
7653	1	30
7654	1	34
7655	1	24
7656	1	45
7657	1	35
7658	1	24
7659	1	37
7660	1	75
7661	1	31
7662	1	27
7663	1	20
7664	1	51
7665	1	72
7666	1	43
7667	1	83
7668	2	82
7669	1	72
7670	1	58
7671	1	49
7672	1	26
7673	1	51
7674	1	91
7675	1	73
7676	1	69
7677	1	40
7678	1	15
7679	1	75
7680	1	85
7681	1	9
7682	1	66
7683	1	74
7684	1	47
7685	1	81
7686	1	22
7687	1	22
7688	1	79
7689	1	14
7690	1	81
7691	1	9
7692	1	16
7693	1	47
7694	1	99
7695	1	35
7696	1	45
7697	1	18
7698	1	41
7699	1	66
7700	1	21
7701	1	78
7702	1	55
7703	1	50
7704	1	97
7705	1	76
7706	1	12
7707	1	96
7708	2	42
7709	1	82
7710	1	66
7711	1	45
7712	1	29
7713	1	41
7714	1	74
7715	1	3
7716	1	15
7717	1	2
7718	1	75
7719	1	22
7720	1	22
7721	1	24
7722	1	49
7723	1	18
7724	1	24
7725	1	40
7726	1	86
7727	1	48
7728	1	66
7729	1	85
7730	1	15
7731	1	9
7732	1	26
7733	1	35
7734	1	60
7735	1	80
7736	1	31
7737	1	52
7738	1	35
7739	1	27
7740	1	79
7741	1	67
7742	1	99
7743	1	13
7744	1	31
7745	1	51
7746	1	17
7747	1	52
7748	1	38
7749	1	66
7750	1	35
7751	1	50
7752	1	95
7753	1	48
7754	1	22
7755	1	31
7756	1	62
7757	1	13
7758	1	85
7759	1	47
7760	1	19
7761	1	18
7762	1	48
7763	1	83
7764	1	85
7765	1	24
7766	1	82
7767	1	66
7768	1	75
7769	1	99
7770	1	50
7771	1	94
7772	1	65
7773	1	27
7774	1	37
7775	1	63
7776	1	60
7777	1	26
7778	1	16
7779	1	72
7780	1	64
7781	1	13
7782	1	19
7783	1	18
7784	1	16
7785	1	48
7786	1	22
7787	1	45
7788	1	68
7789	1	4
7790	1	89
7791	1	17
7792	1	49
7793	1	65
7794	1	95
7795	1	55
7796	1	56
7797	1	18
7798	1	18
7799	1	77
7800	1	76
7801	1	6
7802	1	29
7803	1	41
7804	1	2
7805	1	97
7806	1	14
7807	1	10
7808	1	79
7809	1	53
7810	1	34
7811	1	50
7812	1	37
7813	1	57
7814	1	14
7815	1	61
7816	1	39
7817	1	51
7818	1	1
7819	1	63
7820	1	67
7821	1	48
7822	1	16
7823	1	67
7824	1	25
7825	1	74
7826	1	51
7827	1	14
7828	1	1
7829	1	55
7830	1	90
7831	1	80
7832	1	28
7833	1	50
7834	1	69
7835	1	31
7836	1	93
7837	1	30
7838	1	89
7839	1	74
7840	1	90
7841	1	78
7842	1	71
7843	1	55
7844	1	2
7845	1	36
7846	1	84
7847	1	14
7848	1	9
7849	1	36
7850	1	60
7851	2	17
7852	1	71
7853	1	54
7854	1	33
7855	1	41
7856	1	86
7857	1	81
7858	1	49
7859	1	90
7860	1	88
7861	2	45
7862	1	24
7863	1	45
7864	1	47
7865	1	46
7866	1	83
7867	1	51
7868	1	69
7869	1	71
7870	2	33
7871	1	52
7872	1	95
7873	1	33
7874	1	98
7875	1	84
7876	1	8
7877	1	12
7878	1	96
7879	1	81
7880	1	46
7881	1	41
7882	1	68
7883	1	32
7884	1	80
7885	1	68
7886	1	68
7887	1	45
7888	1	55
7889	1	80
7890	1	24
7891	1	17
7892	1	36
7893	1	19
7894	1	40
7895	1	30
7896	1	10
7897	1	44
7898	1	13
7899	1	12
7900	1	35
7901	1	91
7902	1	99
7903	1	50
7904	1	79
7905	1	82
7906	1	88
7907	1	1
7908	1	39
7909	1	28
7910	1	15
7911	1	54
7912	1	79
7913	1	84
7914	1	29
7915	1	72
7916	1	87
7917	1	69
7918	1	76
7919	1	41
7920	1	40
7921	1	79
7922	1	22
7923	1	29
7924	1	93
7925	1	8
7926	1	69
7927	1	18
7928	1	68
7929	1	31
7930	1	32
7931	1	14
7932	1	62
7933	1	1
7934	1	53
7935	1	76
7936	1	7
7937	1	85
7938	1	25
7939	1	75
7940	1	55
7941	1	30
7942	1	73
7943	1	58
7944	1	79
7945	1	52
7946	1	40
7947	1	38
7948	1	1
7949	1	64
7950	1	16
7951	1	79
7952	1	20
7953	1	85
7954	1	51
7955	1	41
7956	1	40
7957	1	14
7958	1	74
7959	1	15
7960	1	15
7961	2	40
7962	1	8
7963	1	16
7964	1	11
7965	1	53
7966	1	75
7967	1	54
7968	1	13
7969	1	24
7970	1	29
7971	1	74
7972	1	97
7973	1	28
7974	1	40
7975	1	55
7976	1	79
7977	1	4
7978	1	56
7979	1	95
7980	1	23
7981	1	89
7982	1	99
7983	1	36
7984	1	82
7985	1	82
7986	1	67
7987	1	63
7988	1	45
7989	1	99
7990	1	92
7991	1	16
7992	1	29
7993	1	82
7994	1	68
7995	1	84
7996	1	50
7997	1	68
7998	1	23
7999	1	20
8000	1	73
8001	1	81
8002	1	86
8003	1	66
8004	1	80
8005	1	79
8006	1	20
8007	1	26
8008	1	58
8009	1	73
8010	1	26
8011	1	72
8012	1	36
8013	1	36
8014	1	33
8015	1	5
8016	1	98
8017	1	44
8018	1	82
8019	1	69
8020	1	79
8021	1	4
8022	1	9
8023	1	64
8024	1	31
8025	1	13
8026	1	82
8027	1	66
8028	1	3
8029	1	65
8030	1	84
8031	1	77
8032	1	68
8033	1	74
8034	1	54
8035	1	40
8036	1	20
8037	1	36
8038	1	40
8039	1	65
8040	1	27
8041	1	86
8042	1	96
8043	1	56
8044	1	15
8045	1	4
8046	1	11
8047	1	84
8048	1	57
8049	1	36
8050	1	42
8051	1	37
8052	1	86
8053	1	69
8054	1	48
8055	1	52
8056	1	26
8057	1	62
8058	1	80
8059	1	73
8060	1	55
8061	1	85
8062	1	65
8063	1	25
8064	1	82
8065	1	41
8066	1	9
8067	1	71
8068	1	73
8069	1	23
8070	1	79
8071	1	40
8072	1	85
8073	1	29
8074	1	22
8075	1	69
8076	1	41
8077	1	18
8078	1	41
8079	1	24
8080	1	56
8081	1	83
8082	1	5
8083	1	62
8084	1	36
8085	1	26
8086	1	4
8087	1	92
8088	1	58
8089	1	21
8090	1	19
8091	1	79
8092	1	55
8093	1	41
8094	1	26
8095	1	27
8096	1	48
8097	1	55
8098	1	55
8099	1	29
8100	1	26
8101	1	4
8102	1	81
8103	1	30
8104	1	52
8105	1	43
8106	1	20
8107	1	25
8108	1	28
8109	1	39
8110	1	44
8111	1	50
8112	1	11
8113	1	90
8114	1	85
8115	1	43
8116	1	43
8117	1	49
8118	1	91
8119	1	91
8120	1	33
8121	1	9
8122	1	21
8123	1	50
8124	1	54
8125	1	75
8126	1	7
8127	1	14
8128	1	22
8129	1	46
8130	1	61
8131	1	84
8132	1	93
8133	1	64
8134	1	64
8135	1	32
8136	1	85
8137	1	26
8138	1	13
8139	1	39
8140	1	63
8141	1	17
8142	1	21
8143	1	5
8144	1	21
8145	1	7
8146	1	42
8147	1	16
8148	1	41
8149	1	20
8150	1	68
8151	1	72
8152	1	21
8153	1	21
8154	1	36
8155	1	68
8156	1	34
8157	1	28
8158	1	51
8159	1	74
8160	1	54
8161	1	9
8162	1	23
8163	1	9
8164	1	32
8165	1	11
8166	1	78
8167	1	69
8168	1	88
8169	1	62
8170	1	77
8171	1	31
8172	1	83
8173	1	35
8174	1	37
8175	1	66
8176	1	55
8177	1	79
8178	1	85
8179	1	57
8180	1	19
8181	1	14
8182	1	56
8183	1	9
8184	1	21
8185	1	15
8186	1	63
8187	1	61
8188	1	99
8189	1	12
8190	1	62
8191	1	39
8192	1	1
8193	1	58
8194	1	51
8195	1	80
8196	1	14
8197	1	58
8198	1	30
8199	1	49
8200	1	37
8201	1	9
8202	1	78
8203	1	97
8204	1	63
8205	1	61
8206	1	69
8207	1	18
8208	1	69
8209	1	58
8210	1	75
8211	1	21
8212	1	6
8213	1	39
8214	1	39
8215	1	44
8216	1	71
8217	1	90
8218	1	64
8219	1	7
8220	1	25
8221	1	7
8222	1	88
8223	1	67
8224	1	85
8225	1	48
8226	1	80
8227	1	21
8228	1	86
8229	1	25
8230	1	88
8231	2	74
8232	1	97
8233	1	93
8234	1	12
8235	1	29
8236	1	64
8237	1	62
8238	1	12
8239	1	3
8240	1	5
8241	1	64
8242	1	36
8243	1	80
8244	1	25
8245	1	65
8246	1	38
8247	1	12
8248	1	25
8249	1	52
8250	1	47
8251	1	67
8252	1	87
8253	1	25
8254	1	11
8255	1	32
8256	1	49
8257	1	78
8258	1	73
8259	1	85
8260	1	24
8261	1	4
8262	1	11
8263	1	67
8264	1	34
8265	1	12
8266	1	67
8267	1	16
8268	1	14
8269	1	34
8270	1	22
8271	1	60
8272	1	30
8273	1	29
8274	1	13
8275	1	58
8276	1	7
8277	1	38
8278	1	9
8279	1	90
8280	1	34
8281	1	47
8282	1	58
8283	1	68
8284	1	67
8285	1	75
8286	1	20
8287	1	39
8288	1	46
8289	1	35
8290	1	93
8291	1	6
8292	1	14
8293	1	61
8294	1	51
8295	1	60
8296	1	77
8297	1	13
8298	1	71
8299	1	5
8300	1	93
8301	1	38
8302	1	7
8303	1	63
8304	1	40
8305	1	48
8306	1	79
8307	1	97
8308	1	48
8309	1	22
8310	1	71
8311	1	12
8312	1	44
8313	1	24
8314	1	84
8315	1	69
8316	1	45
8317	1	7
8318	1	49
8319	1	63
8320	1	69
8321	1	12
8322	1	10
8323	1	63
8324	1	90
8325	1	6
8326	1	14
8327	1	63
8328	1	66
8329	1	85
8330	1	72
8331	1	6
8332	1	97
8333	1	67
8334	1	50
8335	1	62
8336	1	65
8337	1	56
8338	1	52
8339	1	10
8340	2	62
8341	1	42
8342	1	20
8343	1	65
8344	1	12
8345	1	6
8346	1	44
8347	1	82
8348	1	56
8349	1	18
8350	1	63
8351	1	75
8352	1	44
8353	1	22
8354	1	82
8355	1	80
8356	1	31
8357	1	44
8358	1	80
8359	1	9
8360	1	4
8361	1	58
8362	1	91
8363	1	54
8364	1	50
8365	1	50
8366	1	9
8367	1	79
8368	1	9
8369	1	39
8370	1	72
8371	1	60
8372	1	18
8373	1	1
8374	1	23
8375	1	31
8376	1	37
8377	1	26
8378	1	50
8379	1	50
8380	1	21
8381	1	9
8382	1	29
8383	1	31
8384	1	50
8385	1	66
8386	1	36
8387	1	90
8388	1	60
8389	1	1
8390	1	13
8391	1	44
8392	1	20
8393	1	68
8394	1	3
8395	1	58
8396	1	45
8397	1	17
8398	1	61
8399	1	57
8400	1	7
8401	1	55
8402	1	36
8403	1	47
8404	1	36
8405	2	90
8406	1	21
8407	1	42
8408	1	59
8409	1	43
8410	1	52
8411	1	14
8412	1	75
8413	1	79
8414	1	18
8415	1	60
8416	1	25
8417	1	58
8418	1	80
8419	1	46
8420	1	17
8421	1	37
8422	1	74
8423	1	75
8424	1	32
8425	1	44
8426	1	57
8427	1	63
8428	1	30
8429	1	43
8430	1	75
8431	1	11
8432	1	90
8433	1	91
8434	1	67
8435	1	18
8436	1	31
8437	1	72
8438	1	37
8439	1	6
8440	1	16
8441	1	89
8442	1	64
8443	1	64
8444	1	41
8445	1	89
8446	1	80
8447	1	86
8448	1	25
8449	1	73
8450	1	71
8451	2	90
8452	1	88
8453	1	16
8454	1	68
8455	1	61
8456	1	53
8457	1	58
8458	1	50
8459	1	22
8460	1	29
8461	1	72
8462	1	32
8463	1	45
8464	1	65
8465	1	50
8466	1	12
8467	1	69
8468	1	79
8469	2	70
8470	1	87
8471	1	97
8472	2	70
8473	1	93
8474	1	24
8475	1	46
8476	1	37
8477	1	53
8478	1	50
8479	1	2
8480	1	24
8481	2	92
8482	1	65
8483	1	38
8484	1	21
8485	2	70
8486	1	45
8487	1	95
8488	1	69
8489	1	40
8490	1	29
8491	1	68
8492	1	26
8493	1	45
8494	1	77
8495	1	43
8496	1	12
8497	1	14
8498	1	86
8499	1	82
8500	1	36
8501	1	56
8502	1	58
8503	1	79
8504	1	26
8505	1	72
8506	1	34
8507	1	2
8508	1	69
8509	1	29
8510	1	28
8511	1	71
8512	1	42
8513	1	24
8514	1	80
8515	1	33
8516	1	39
8517	1	37
8518	1	68
8519	1	41
8520	1	9
8521	1	43
8522	1	56
8523	1	20
8524	1	74
8525	1	75
8526	1	62
8527	1	43
8528	1	22
8529	1	24
8530	1	76
8531	1	27
8532	1	82
8533	1	85
8534	1	39
8535	1	55
8536	1	34
8537	1	52
8538	1	69
8539	1	58
8540	1	9
8541	1	79
8542	1	21
8543	1	79
8544	1	50
8545	1	61
8546	1	60
8547	1	67
8548	1	31
8549	1	86
8550	1	39
8551	1	91
8552	1	43
8553	1	55
8554	1	50
8555	1	50
8556	1	46
8557	1	86
8558	1	62
8559	2	74
8560	1	58
8561	1	93
8562	1	15
8563	1	25
8564	1	21
8565	1	2
8566	1	69
8567	1	76
8568	1	67
8569	1	22
8570	1	28
8571	1	36
8572	1	9
8573	1	80
8574	1	41
8575	1	76
8576	1	76
8577	1	98
8578	1	60
8579	1	52
8580	1	64
8581	1	45
8582	1	68
8583	1	31
8584	1	35
8585	1	89
8586	1	8
8587	1	46
8588	1	1
8589	1	83
8590	1	21
8591	1	98
8592	1	14
8593	1	40
8594	1	25
8595	1	84
8596	1	62
8597	1	35
8598	2	70
8599	1	55
8600	1	1
8601	1	49
8602	1	67
8603	2	70
8604	1	5
8605	1	57
8606	1	46
8607	1	44
8608	1	2
8609	1	56
8610	1	48
8611	1	11
8612	1	34
8613	1	34
8614	1	60
8615	1	46
8616	1	8
8617	1	27
8618	1	9
8619	1	24
8620	1	24
8621	1	43
8622	1	35
8623	1	6
8624	1	24
8625	1	88
8626	1	69
8627	1	46
8628	1	40
8629	1	18
8630	1	54
8631	1	69
8632	1	78
8633	1	7
8634	1	39
8635	2	70
8636	1	67
8637	1	45
8638	1	51
8639	1	85
8640	1	38
8641	1	16
8642	1	1
8643	1	96
8644	1	85
8645	1	63
8646	1	11
8647	1	16
8648	1	11
8649	1	7
8650	1	80
8651	1	20
8652	1	48
8653	1	5
8654	1	99
8655	1	59
8656	1	83
8657	1	92
8658	1	88
8659	1	52
8660	1	95
8661	1	10
8662	1	69
8663	1	38
8664	1	79
8665	1	46
8666	1	59
8667	1	33
8668	1	69
8669	1	51
8670	1	69
8671	1	99
8672	1	13
8673	1	69
8674	1	27
8675	1	69
8676	1	82
8677	1	44
8678	1	12
8679	1	16
8680	1	26
8681	1	82
8682	1	62
8683	1	67
8684	1	72
8685	1	67
8686	1	72
8687	1	69
8688	1	46
8689	1	52
8690	1	67
8691	1	67
8692	1	60
8693	1	20
8694	1	51
8695	1	93
8696	1	46
8697	1	92
8698	1	63
8699	1	85
8700	1	21
8701	1	21
8702	1	9
8703	1	69
8704	1	12
8705	1	80
8706	1	72
8707	1	34
8708	1	69
8709	1	55
8710	1	69
8711	1	45
8712	1	80
8713	1	74
8714	1	69
8715	1	21
8716	1	80
8717	1	69
8718	1	45
8719	1	79
8720	1	21
8721	1	52
8722	1	32
8723	1	55
8724	1	50
8725	1	51
8726	1	71
8727	1	84
8728	1	53
8729	1	21
8730	1	9
8731	1	95
8732	1	30
8733	1	21
8734	1	44
8735	1	34
8736	1	24
8737	1	85
8738	1	12
8739	1	33
8740	1	33
8741	1	6
8742	1	94
8743	1	50
8744	1	56
8745	1	47
8746	1	3
8747	1	72
8748	1	3
8749	1	29
8750	1	85
8751	1	39
8752	1	79
8753	1	79
8754	1	85
8755	1	69
8756	1	68
8757	1	38
8758	1	12
8759	1	23
8760	1	80
8761	1	47
8762	1	9
8763	1	79
8764	1	48
8765	1	11
8766	1	80
8767	1	68
8768	1	6
8769	1	69
8770	1	28
8771	1	16
8772	1	69
8773	1	6
8774	1	69
8775	1	55
8776	1	26
8777	1	43
8778	1	94
8779	1	52
8780	1	55
8781	1	49
8782	1	29
8783	1	60
8784	1	18
8785	1	18
8786	1	36
8787	1	46
8788	1	93
8789	1	31
8790	1	78
8791	1	15
8792	1	98
8793	1	82
8794	1	60
8795	2	90
8796	1	32
8797	1	96
8798	1	49
8799	1	57
8800	1	18
8801	1	35
8802	1	30
8803	1	88
8804	1	26
8805	1	69
8806	1	71
8807	1	79
8808	1	5
8809	1	79
8810	1	79
8811	1	84
8812	1	84
8813	1	31
8814	1	6
8815	1	53
8816	1	20
8817	1	2
8818	1	14
8819	1	56
8820	1	60
8821	1	50
8822	1	91
8823	1	94
8824	1	94
8825	1	55
8826	1	9
8827	1	37
8828	2	76
8829	1	85
8830	1	7
8831	1	4
8832	1	71
8833	1	55
8834	1	12
8835	1	37
8836	1	55
8837	1	55
8838	1	33
8839	1	70
8840	1	18
8841	1	61
8842	1	16
8843	1	79
8844	1	95
8845	1	83
8846	2	90
8847	1	82
8848	1	46
8849	1	83
8850	1	70
8851	1	47
8852	1	27
8853	1	36
8854	1	2
8855	1	46
8856	1	75
8857	1	48
8858	1	23
8859	1	17
8860	1	64
8861	1	95
8862	1	7
8863	1	18
8864	1	84
8865	2	92
8866	1	56
8867	1	52
8868	1	84
8869	1	1
8870	1	54
8871	1	90
8872	1	65
8873	1	41
8874	1	75
8875	1	79
8876	1	84
8877	1	78
8878	1	65
8879	1	84
8880	1	79
8881	1	82
8882	1	87
8883	1	84
8884	1	93
8885	1	79
8886	1	69
8887	1	68
8888	1	33
8889	1	43
8890	1	86
8891	1	43
8892	1	69
8893	1	34
8894	1	7
8895	1	20
8896	1	67
8897	1	62
8898	1	69
8899	1	85
8900	1	16
8901	1	69
8902	1	4
8903	1	59
8904	1	89
8905	1	72
8906	1	25
8907	1	55
8908	1	96
8909	1	51
8910	1	69
8911	1	59
8912	1	20
8913	1	66
8914	1	76
8915	1	9
8916	1	60
8917	1	20
8918	1	36
8919	1	19
8920	1	11
8921	1	17
8922	1	99
8923	1	29
8924	1	38
8925	1	41
8926	1	68
8927	1	64
8928	1	22
8929	1	25
8930	1	5
8931	1	46
8932	1	55
8933	1	9
8934	1	80
8935	1	59
8936	1	89
8937	1	42
8938	1	24
8939	1	46
8940	1	76
8941	1	48
8942	1	97
8943	1	29
8944	1	69
8945	1	69
8946	1	81
8947	1	80
8948	1	57
8949	1	69
8950	1	41
8951	1	79
8952	1	40
8953	1	51
8954	1	84
8955	1	45
8956	1	94
8957	1	28
8958	1	7
8959	1	59
8960	1	30
8961	1	50
8962	1	14
8963	1	98
8964	1	82
8965	1	89
8966	1	90
8967	1	92
8968	1	83
8969	1	99
8970	1	52
8971	1	69
8972	1	11
8973	1	69
8974	1	46
8975	1	85
8976	1	80
8977	1	95
8978	1	72
8979	1	1
8980	1	62
8981	1	60
8982	1	69
8983	1	69
8984	1	45
8985	1	67
8986	1	2
8987	1	45
8988	1	31
8989	1	71
8990	1	99
8991	1	95
8992	1	31
8993	2	70
8994	1	69
8995	1	69
8996	1	85
8997	1	71
8998	1	2
8999	1	36
9000	1	1
9001	1	76
9002	1	29
9003	1	72
9004	1	15
9005	1	37
9006	1	32
9007	1	66
9008	1	50
9009	1	13
9010	1	58
9011	1	69
9012	1	69
9013	1	78
9014	1	32
9015	1	95
9016	1	74
9017	1	9
9018	1	46
9019	1	96
9020	1	89
9021	1	22
9022	1	41
9023	1	40
9024	1	64
9025	1	25
9026	1	52
9027	1	57
9028	1	1
9029	1	16
9030	1	69
9031	1	70
9032	1	58
9033	1	84
9034	1	51
9035	1	13
9036	2	47
9037	1	50
9038	1	1
9039	1	8
9040	1	71
9041	1	30
9042	1	57
9043	1	48
9044	2	67
9045	1	9
9046	1	38
9047	1	59
9048	1	54
9049	1	89
9050	2	88
9051	1	47
9052	1	22
9053	1	94
9054	1	11
9055	1	11
9056	1	3
9057	1	32
9058	1	3
9059	1	29
9060	1	31
9061	1	4
9062	1	32
9063	1	99
9064	1	68
9065	1	97
9066	1	63
9067	1	79
9068	1	50
9069	1	5
9070	1	25
9071	1	17
9072	1	44
9073	1	24
9074	1	41
9075	1	97
9076	1	93
9077	1	80
9078	1	30
9079	1	31
9080	1	7
9081	1	3
9082	1	90
9083	1	48
9084	1	16
9085	1	48
9086	1	60
9087	1	85
9088	1	35
9089	1	25
9090	1	78
9091	1	86
9092	1	30
9093	1	35
9094	1	40
9095	1	20
9096	1	36
9097	1	43
9098	1	51
9099	1	15
9100	1	18
9101	1	2
9102	1	44
9103	1	19
9104	1	21
9105	1	20
9106	1	25
9107	1	37
9108	1	40
9109	1	46
9110	1	28
9111	1	2
9112	1	57
9113	1	27
9114	1	24
9115	1	28
9116	1	6
9117	1	92
9118	1	30
9119	1	50
9120	1	70
9121	1	80
9122	1	58
9123	1	64
9124	1	35
9125	1	66
9126	1	6
9127	1	40
9128	1	66
9129	1	12
9130	1	31
9131	1	88
9132	1	6
9133	1	65
9134	1	72
9135	1	9
9136	1	85
9137	1	83
9138	1	64
9139	1	70
9140	1	39
9141	1	50
9142	1	31
9143	1	80
9144	1	46
9145	1	74
9146	1	84
9147	1	36
9148	1	89
9149	1	6
9150	1	93
9151	1	78
9152	1	33
9153	1	25
9154	1	49
9155	1	72
9156	1	79
9157	1	19
9158	1	75
9159	1	33
9160	1	85
9161	1	25
9162	1	43
9163	1	52
9164	1	63
9165	1	72
9166	1	63
9167	1	67
9168	1	29
9169	1	73
9170	1	79
9171	1	42
9172	1	29
9173	1	94
9174	1	3
9175	1	9
9176	1	63
9177	1	34
9178	1	36
9179	1	46
9180	1	42
9181	1	85
9182	1	12
9183	1	20
9184	1	36
9185	1	59
9186	1	18
9187	1	45
9188	1	46
9189	1	52
9190	1	17
9191	1	51
9192	1	40
9193	1	82
9194	1	18
9195	1	89
9196	1	11
9197	1	88
9198	1	36
9199	1	89
9200	1	35
9201	1	88
9202	1	74
9203	1	92
9204	1	67
9205	1	65
9206	1	39
9207	1	41
9208	1	50
9209	1	50
9210	1	74
9211	1	74
9212	1	93
9213	1	82
9214	1	68
9215	1	9
9216	1	57
9217	1	61
9218	1	55
9219	1	48
9220	1	85
9221	1	42
9222	1	67
9223	1	80
9224	1	44
9225	1	75
9226	1	67
9227	1	62
9228	1	87
9229	1	96
9230	1	21
9231	1	79
9232	1	75
9233	1	29
9234	1	62
9235	1	5
9236	1	17
9237	1	80
9238	1	35
9239	1	58
9240	1	7
9241	1	89
9242	1	95
9243	1	50
9244	1	50
9245	1	76
9246	1	76
9247	1	44
9248	1	12
9249	1	17
9250	1	59
9251	1	26
9252	1	52
9253	1	84
9254	1	40
9255	1	85
9256	1	87
9257	1	84
9258	1	69
9259	1	84
9260	1	84
9261	1	96
9262	1	96
9263	1	79
9264	1	79
9265	1	63
9266	1	79
9267	1	55
9268	1	12
9269	1	1
9270	1	82
9271	1	12
9272	1	87
9273	1	14
9274	1	51
9275	1	52
9276	1	59
9277	1	57
9278	1	82
9279	1	76
9280	1	69
9281	1	90
9282	1	46
9283	1	85
9284	1	70
9285	1	84
9286	1	1
9287	1	79
9288	1	79
9289	1	54
9290	1	27
9291	1	14
9292	1	96
9293	1	37
9294	1	7
9295	1	46
9296	1	77
9297	1	91
9298	1	3
9299	1	15
9300	1	1
9301	1	17
9302	1	3
9303	1	69
9304	1	11
9305	1	58
9306	1	14
9307	1	85
9308	1	36
9309	1	77
9310	1	18
9311	1	55
9312	1	90
9313	1	82
9314	1	31
9315	1	68
9316	1	76
9317	1	35
9318	1	82
9319	1	59
9320	1	50
9321	1	40
9322	1	51
9323	1	20
9324	1	92
9325	1	31
9326	1	27
9327	1	72
9328	1	84
9329	1	1
9330	1	10
9331	1	85
9332	1	94
9333	1	85
9334	1	34
9335	1	16
9336	1	66
9337	1	5
9338	1	20
9339	1	17
9340	1	79
9341	1	27
9342	1	83
9343	1	25
9344	1	85
9345	1	35
9346	1	14
9347	1	13
9348	1	47
9349	1	65
9350	1	23
9351	1	98
9352	1	8
9353	1	18
9354	1	20
9355	1	52
9356	1	70
9357	1	9
9358	1	36
9359	1	76
9360	1	3
9361	1	82
9362	1	82
9363	1	67
9364	1	66
9365	1	66
9366	1	43
9367	1	69
9368	1	15
9369	1	49
9370	1	38
9371	1	50
9372	1	31
9373	1	71
9374	1	85
9375	1	41
9376	1	35
9377	1	26
9378	1	51
9379	1	27
9380	1	84
9381	1	36
9382	1	67
9383	1	9
9384	1	23
9385	1	2
9386	1	32
9387	1	6
9388	1	16
9389	1	21
9390	1	76
9391	1	84
9392	1	43
9393	1	3
9394	1	91
9395	1	22
9396	1	89
9397	1	39
9398	1	36
9399	1	65
9400	1	20
9401	1	65
9402	1	54
9403	1	71
9404	1	80
9405	1	14
9406	1	87
9407	1	95
9408	1	78
9409	1	73
9410	1	73
9411	1	57
9412	1	79
9413	1	12
9414	1	87
9415	1	80
9416	1	86
9417	1	36
9418	1	58
9419	1	40
9420	1	46
9421	1	35
9422	1	79
9423	1	9
9424	1	84
9425	1	58
9426	1	85
9427	1	48
9428	1	48
9429	1	85
9430	1	64
9431	1	13
9432	1	78
9433	1	72
9434	1	70
9435	1	18
9436	1	43
9437	1	9
9438	1	83
9439	1	6
9440	1	13
9441	1	89
9442	1	13
9443	1	17
9444	1	7
9445	1	2
9446	1	27
9447	1	22
9448	1	34
9449	1	58
9450	1	46
9451	1	58
9452	1	83
9453	1	36
9454	1	34
9455	1	5
9456	1	25
9457	1	52
9458	1	98
9459	1	92
9460	1	50
9461	1	6
9462	1	96
9463	1	51
9464	1	35
9465	1	55
9466	1	42
9467	1	1
9468	1	2
9469	1	84
9470	1	61
9471	1	68
9472	1	82
9473	1	87
9474	1	38
9475	1	65
9476	1	82
9477	1	57
9478	1	89
9479	1	53
9480	1	90
9481	1	25
9482	1	54
9483	1	38
9484	1	26
9485	1	84
9486	1	43
9487	1	80
9488	1	16
9489	1	11
9490	1	35
9491	1	32
9492	1	75
9493	1	76
9494	1	90
9495	2	48
9496	1	74
9497	1	88
9498	1	51
9499	1	18
9500	1	15
9501	1	98
9502	1	85
9503	1	96
9504	1	97
9505	1	3
9506	1	2
9507	1	93
9508	1	74
9509	1	63
9510	1	84
9511	1	58
9512	1	88
9513	1	47
9514	1	27
9515	1	75
9516	1	1
9517	1	97
9518	1	18
9519	1	49
9520	1	75
9521	1	43
9522	1	72
9523	1	42
9524	1	39
9525	1	99
9526	1	2
9527	1	46
9528	1	42
9529	1	30
9530	1	62
9531	1	57
9532	1	66
9533	1	15
9534	1	1
9535	1	90
9536	1	4
9537	1	97
9538	1	81
9539	1	31
9540	1	71
9541	1	85
9542	1	34
9543	1	41
9544	1	85
9545	1	73
9546	1	71
9547	1	27
9548	1	7
9549	1	33
9550	1	4
9551	1	71
9552	1	98
9553	1	3
9554	1	5
9555	1	79
9556	1	59
9557	1	75
9558	1	81
9559	1	72
9560	1	40
9561	2	29
9562	1	43
9563	1	19
9564	1	51
9565	1	70
9566	2	34
9567	1	70
9568	1	16
9569	1	5
9570	1	51
9571	1	81
9572	1	51
9573	1	66
9574	1	64
9575	1	23
9576	1	93
9577	1	58
9578	1	49
9579	1	7
9580	1	6
9581	1	47
9582	1	48
9583	1	32
9584	1	87
9585	1	29
9586	1	8
9587	1	51
9588	1	55
9589	1	92
9590	1	36
9591	1	96
9592	1	34
9593	1	65
9594	1	16
9595	1	27
9596	1	6
9597	1	8
9598	1	90
9599	1	35
9600	2	17
9601	2	17
9602	2	77
9603	1	90
9604	1	7
9605	1	65
9606	1	75
9607	2	10
9608	1	41
9609	1	10
9610	1	22
9611	1	49
9612	1	52
9613	1	43
9614	1	78
9615	1	55
9616	1	28
9617	1	78
9618	1	78
9619	1	22
9620	1	5
9621	1	93
9622	1	54
9623	1	10
9624	1	45
9625	1	7
9626	1	6
9627	1	78
9628	1	49
9629	1	15
9630	1	2
9631	1	8
9632	1	61
9633	1	66
9634	1	31
9635	1	44
9636	1	23
9637	1	90
9638	1	75
9639	1	23
9640	1	8
9641	1	96
9642	1	2
9643	1	53
9644	1	65
9645	1	61
9646	1	64
9647	1	10
9648	1	51
9649	1	53
9650	1	18
9651	1	57
9652	1	32
9653	1	90
9654	1	94
9655	1	16
9656	1	42
9657	1	79
9658	2	8
9659	1	54
9660	1	33
9661	1	76
9662	1	37
9663	1	53
9664	1	83
9665	1	26
9666	1	15
9667	1	26
9668	1	82
9669	1	66
9670	1	14
9671	1	85
9672	1	62
9673	1	8
9674	1	16
9675	1	33
9676	1	39
9677	1	40
9678	1	45
9679	1	18
9680	1	75
9681	1	68
9682	1	13
9683	1	62
9684	1	68
9685	1	79
9686	1	80
9687	1	85
9688	1	39
9689	1	90
9690	1	60
9691	1	31
9692	1	66
9693	1	99
9694	1	42
9695	1	9
9696	1	29
9697	1	14
9698	1	55
9699	1	57
9700	1	95
9701	1	17
9702	1	90
9703	2	47
9704	1	6
9705	1	56
9706	1	46
9707	1	12
9708	1	94
9709	1	66
9710	1	95
9711	1	46
9712	1	12
9713	1	45
9714	1	8
9715	1	7
9716	1	74
9717	1	8
9718	1	24
9719	1	99
9720	1	39
9721	1	22
9722	1	40
9723	1	5
9724	1	25
9725	1	79
9726	1	93
9727	1	75
9728	1	24
9729	1	5
9730	1	84
9731	1	36
9732	1	38
9733	1	85
9734	1	15
9735	1	87
9736	1	90
9737	1	41
9738	1	39
9739	1	2
9740	1	6
9741	1	3
9742	1	6
9743	1	65
9744	1	65
9745	1	74
9746	1	77
9747	1	81
9748	1	77
9749	1	70
9750	1	20
9751	1	63
9752	1	23
9753	1	64
9754	1	97
9755	1	19
9756	1	35
9757	2	40
9758	1	53
9759	1	17
9760	1	50
9761	1	64
9762	1	27
9763	1	54
9764	1	45
9765	1	45
9766	1	15
9767	1	50
9768	1	56
9769	1	55
9770	1	17
9771	1	47
9772	1	96
9773	1	12
9774	1	7
9775	1	17
9776	1	26
9777	1	46
9778	1	42
9779	1	67
9780	1	35
9781	1	98
9782	1	62
9783	1	48
9784	1	86
9785	1	31
9786	1	90
9787	1	77
9788	1	53
9789	1	33
9790	1	15
9791	1	53
9792	1	16
9793	1	38
9794	1	18
9795	1	90
9796	1	76
9797	1	47
9798	1	99
9799	1	50
9800	1	25
9801	1	92
9802	1	98
9803	1	54
9804	1	90
9805	1	75
9806	1	86
9807	1	2
9808	1	87
9809	1	58
9810	1	66
9811	1	87
9812	1	59
9813	1	90
9814	1	83
9815	1	26
9816	1	67
9817	1	35
9818	1	16
9819	1	98
9820	1	13
9821	1	71
9822	1	99
9823	1	44
9824	1	71
9825	1	44
9826	1	16
9827	1	61
9828	1	88
9829	1	55
9830	1	16
9831	1	10
9832	1	47
9833	1	26
9834	1	31
9835	1	36
9836	1	62
9837	1	79
9838	1	46
9839	1	72
9840	1	34
9841	1	62
9842	1	95
9843	1	25
9844	1	97
9845	1	18
9846	1	16
9847	1	45
9848	1	87
9849	1	10
9850	1	49
9851	1	54
9852	1	16
9853	1	12
9854	1	97
9855	1	19
9856	1	90
9857	1	45
9858	1	49
9859	1	82
9860	1	69
9861	1	70
9862	1	90
9863	1	22
9864	1	24
9865	1	60
9866	1	3
9867	1	90
9868	1	3
9869	1	98
9870	1	75
9871	1	37
9872	1	62
9873	1	16
9874	1	30
9875	1	95
9876	1	38
9877	1	52
9878	1	90
9879	1	58
9880	1	12
9881	1	13
9882	1	73
9883	1	41
9884	1	10
9885	1	93
9886	1	31
9887	1	41
9888	1	18
9889	1	35
9890	1	97
9891	1	78
9892	1	17
9893	1	54
9894	1	77
9895	1	33
9896	1	97
9897	1	25
9898	1	16
9899	1	13
9900	1	53
9901	1	82
9902	1	51
9903	1	11
9904	1	58
9905	1	96
9906	1	57
9907	1	22
9908	1	94
9909	1	23
9910	1	60
9911	1	2
9912	1	7
9913	1	15
9914	1	75
9915	1	63
9916	1	88
9917	1	23
9918	1	85
9919	1	6
9920	1	66
9921	1	98
9922	1	55
9923	1	46
9924	1	29
9925	1	44
9926	1	13
9927	1	48
9928	1	3
9929	1	33
9930	1	97
9931	1	75
9932	1	77
9933	1	97
9934	1	82
9935	1	85
9936	1	41
9937	1	26
9938	1	34
9939	1	94
9940	1	70
9941	1	12
9942	1	75
9943	1	3
9944	1	36
9945	1	78
9946	1	36
9947	1	49
9948	1	52
9949	1	8
9950	1	85
9951	1	54
9952	1	30
9953	1	67
9954	1	67
9955	1	51
9956	1	23
9957	1	71
9958	1	75
9959	1	58
9960	1	6
9961	1	97
9962	1	51
9963	1	1
9964	1	89
9965	1	75
9966	1	16
9967	1	79
9968	1	4
9969	1	27
9970	1	79
9971	1	53
9972	1	33
9973	1	55
9974	1	59
9975	1	75
9976	1	82
9977	1	55
9978	1	55
9979	1	31
9980	1	55
9981	1	16
9982	1	13
9983	1	13
9984	1	18
9985	1	17
9986	1	75
9987	1	16
9988	1	59
9989	1	35
9990	1	45
9991	1	45
9992	1	51
9993	1	57
9994	1	16
9995	1	80
9996	1	16
9997	1	16
9998	1	68
9999	1	23
10000	1	26
